@19/5/1997
@17:44:58
#No Title
 2.5000000000E+02
 0.0000000000E+00
 2.5100000000E+02
 0.0000000000E+00
 2.5200000000E+02
 0.0000000000E+00
 2.5300000000E+02
 0.0000000000E+00
 2.5400000000E+02
 0.0000000000E+00
 2.5500000000E+02
 0.0000000000E+00
 2.5600000000E+02
 0.0000000000E+00
 2.5700000000E+02
 0.0000000000E+00
 2.5800000000E+02
 0.0000000000E+00
 2.5900000000E+02
 0.0000000000E+00
 2.6000000000E+02
 0.0000000000E+00
 2.6100000000E+02
 0.0000000000E+00
 2.6200000000E+02
 0.0000000000E+00
 2.6300000000E+02
 0.0000000000E+00
 2.6400000000E+02
 0.0000000000E+00
 2.6500000000E+02
 0.0000000000E+00
 2.6600000000E+02
 0.0000000000E+00
 2.6700000000E+02
 0.0000000000E+00
 2.6800000000E+02
 0.0000000000E+00
 2.6900000000E+02
 0.0000000000E+00
 2.7000000000E+02
 0.0000000000E+00
 2.7100000000E+02
 0.0000000000E+00
 2.7200000000E+02
 0.0000000000E+00
 2.7300000000E+02
 0.0000000000E+00
 2.7400000000E+02
 0.0000000000E+00
 2.7500000000E+02
 0.0000000000E+00
 2.7600000000E+02
 0.0000000000E+00
 2.7700000000E+02
 0.0000000000E+00
 2.7800000000E+02
 0.0000000000E+00
 2.7900000000E+02
 0.0000000000E+00
 2.8000000000E+02
 0.0000000000E+00
 2.8100000000E+02
 0.0000000000E+00
 2.8200000000E+02
 0.0000000000E+00
 2.8300000000E+02
 0.0000000000E+00
 2.8400000000E+02
 0.0000000000E+00
 2.8500000000E+02
 0.0000000000E+00
 2.8600000000E+02
 0.0000000000E+00
 2.8700000000E+02
 0.0000000000E+00
 2.8800000000E+02
 0.0000000000E+00
 2.8900000000E+02
 0.0000000000E+00
 2.9000000000E+02
 0.0000000000E+00
 2.9100000000E+02
 0.0000000000E+00
 2.9200000000E+02
 9.9181504309E-05
 2.9300000000E+02
 3.8906940671E-04
 2.9400000000E+02
 1.2698999423E-03
 2.9500000000E+02
 3.2384172104E-03
 2.9600000000E+02
 6.7850739528E-03
 2.9700000000E+02
 1.8291185164E-02
 2.9800000000E+02
 2.2742833904E-02
 2.9900000000E+02
 2.9008669415E-02
 3.0000000000E+02
 3.4890911780E-02
 3.0100000000E+02
 4.0234981710E-02
 3.0200000000E+02
 4.6741759634E-02
 3.0300000000E+02
 4.9867998975E-02
 3.0400000000E+02
 5.1777038649E-02
 3.0500000000E+02
 5.3929154448E-02
 3.0600000000E+02
 5.6175717590E-02
 3.0700000000E+02
 5.7690041888E-02
 3.0800000000E+02
 5.9154893579E-02
 3.0900000000E+02
 6.0325782357E-02
 3.1000000000E+02
 6.0985001826E-02
 3.1100000000E+02
 6.1729731770E-02
 3.1200000000E+02
 7.2275006791E-02
 3.1300000000E+02
 8.6187244594E-02
 3.1400000000E+02
 6.4983721623E-02
 3.1500000000E+02
 6.1333806359E-02
 3.1600000000E+02
 5.9838695275E-02
 3.1700000000E+02
 5.8881317731E-02
 3.1800000000E+02
 5.7702632366E-02
 3.1900000000E+02
 5.6452125128E-02
 3.2000000000E+02
 5.4905927503E-02
 3.2100000000E+02
 5.3914311831E-02
 3.2200000000E+02
 5.2847598932E-02
 3.2300000000E+02
 5.1195004673E-02
 3.2400000000E+02
 4.9928352005E-02
 3.2500000000E+02
 4.8111068127E-02
 3.2600000000E+02
 4.6392214153E-02
 3.2700000000E+02
 4.4741170260E-02
 3.2800000000E+02
 4.2860163264E-02
 3.2900000000E+02
 4.1006840561E-02
 3.3000000000E+02
 3.9155601135E-02
 3.3100000000E+02
 3.7044351679E-02
 3.3200000000E+02
 3.5335307767E-02
 3.3300000000E+02
 3.3930485032E-02
 3.3400000000E+02
 3.3603329772E-02
 3.3500000000E+02
 3.0772885505E-02
 3.3600000000E+02
 2.8356356699E-02
 3.3700000000E+02
 2.6561290666E-02
 3.3800000000E+02
 2.4957721465E-02
 3.3900000000E+02
 2.3313712342E-02
 3.4000000000E+02
 2.1834407573E-02
 3.4100000000E+02
 2.0535862405E-02
 3.4200000000E+02
 1.9153963182E-02
 3.4300000000E+02
 1.7912603853E-02
 3.4400000000E+02
 1.6773498498E-02
 3.4500000000E+02
 1.5575807557E-02
 3.4600000000E+02
 1.4430755712E-02
 3.4700000000E+02
 1.3335107726E-02
 3.4800000000E+02
 1.2308043406E-02
 3.4900000000E+02
 1.1380990753E-02
 3.5000000000E+02
 1.0575128092E-02
 3.5100000000E+02
 9.8260774986E-03
 3.5200000000E+02
 9.0180305467E-03
 3.5300000000E+02
 8.3698491538E-03
 3.5400000000E+02
 7.7303620842E-03
 3.5500000000E+02
 7.1368388218E-03
 3.5600000000E+02
 6.5604321829E-03
 3.5700000000E+02
 6.0723153527E-03
 3.5800000000E+02
 5.5987088725E-03
 3.5900000000E+02
 5.1743100664E-03
 3.6000000000E+02
 4.5637343058E-03
 3.6100000000E+02
 4.6029206464E-03
 3.6200000000E+02
 4.3762156758E-03
 3.6300000000E+02
 4.1730857428E-03
 3.6400000000E+02
 1.7312378020E-02
 3.6500000000E+02
 2.6459394557E-02
 3.6600000000E+02
 1.2472107546E-02
 3.6700000000E+02
 3.1467466943E-03
 3.6800000000E+02
 3.0222942771E-03
 3.6900000000E+02
 2.6743061560E-03
 3.7000000000E+02
 2.4107159774E-03
 3.7100000000E+02
 2.2047432547E-03
 3.7200000000E+02
 1.9927184603E-03
 3.7300000000E+02
 1.8059639627E-03
 3.7400000000E+02
 1.6511908028E-03
 3.7500000000E+02
 1.5141854123E-03
 3.7600000000E+02
 1.4188116860E-03
 3.7700000000E+02
 1.3157563908E-03
 3.7800000000E+02
 1.2376388231E-03
 3.7900000000E+02
 1.1440299509E-03
 3.8000000000E+02
 1.0785964104E-03
 3.8100000000E+02
 1.0279622063E-03
 3.8200000000E+02
 9.6753892231E-04
 3.8300000000E+02
 9.2207149168E-04
 3.8400000000E+02
 8.6537926614E-04
 3.8500000000E+02
 8.2375413003E-04
 3.8600000000E+02
 7.8665282729E-04
 3.8700000000E+02
 7.5040036595E-04
 3.8800000000E+02
 7.1551970054E-04
 3.8900000000E+02
 6.9583188365E-04
 3.9000000000E+02
 7.2930912455E-04
 3.9100000000E+02
 7.5211028099E-04
 3.9200000000E+02
 6.8258193237E-04
 3.9300000000E+02
 6.1546436175E-04
 3.9400000000E+02
 5.8126955179E-04
 3.9500000000E+02
 5.6749632653E-04
 3.9600000000E+02
 5.5734418171E-04
 3.9700000000E+02
 5.3642645061E-04
 3.9800000000E+02
 5.2911510816E-04
 3.9900000000E+02
 5.1565578283E-04
 4.0000000000E+02
 5.1539983853E-04
