Spectral Irradiance, W m-2 nm-1
values at z =      0.000 km
Columns: wavelength (nm), times (hrs.) or sza (deg.)
    wc, nm     12.000     13.000     14.000     15.000     16.000     17.000     18.000     19.000
    sza =       1.829     13.198     28.200     43.202     58.205     73.208     88.211    103.213
  280.5000  3.041E-15  1.314E-15  4.521E-17  3.075E-20  2.253E-26  1.929E-27  4.721E-28  0.000E+00
  281.5000  1.164E-13  5.415E-14  2.510E-15  3.273E-18  7.751E-24  5.710E-25  1.385E-25  0.000E+00
  282.5000  1.824E-12  9.039E-13  5.413E-14  1.234E-16  8.148E-22  5.202E-23  1.250E-23  0.000E+00
  283.5000  9.874E-12  5.100E-12  3.606E-13  1.182E-15  1.527E-20  8.806E-22  2.100E-22  0.000E+00
  284.5000  1.258E-10  7.196E-11  6.887E-12  4.372E-14  1.980E-18  9.407E-20  2.205E-20  0.000E+00
  285.5000  5.423E-10  3.192E-10  3.822E-11  3.956E-13  4.581E-17  1.876E-18  4.324E-19  0.000E+00
  286.5000  7.367E-09  4.526E-09  6.439E-10  9.704E-12  2.325E-15  8.467E-17  1.921E-17  0.000E+00
  287.5000  4.932E-08  3.177E-08  5.472E-09  1.251E-10  6.776E-14  2.170E-15  4.817E-16  0.000E+00
  288.5000  2.926E-07  1.985E-07  4.206E-08  1.512E-09  2.004E-12  5.625E-14  1.211E-14  0.000E+00
  289.5000  1.813E-06  1.276E-06  3.137E-07  1.559E-08  3.926E-11  1.009E-12  2.113E-13  0.000E+00
  290.5000  8.033E-06  5.832E-06  1.625E-06  1.060E-07  4.590E-10  1.102E-11  2.242E-12  0.000E+00
  291.5000  2.836E-05  2.132E-05  6.847E-06  6.080E-07  4.881E-09  1.100E-10  2.143E-11  0.000E+00
  292.5000  7.444E-05  5.762E-05  2.078E-05  2.374E-06  3.162E-08  6.857E-10  1.280E-10  0.000E+00
  293.5000  2.329E-04  1.853E-04  7.451E-05  1.079E-05  2.318E-07  4.932E-09  8.735E-10  0.000E+00
  294.5000  4.713E-04  3.830E-04  1.678E-04  2.926E-05  9.127E-07  1.949E-08  3.276E-09  0.000E+00
  295.5000  1.266E-03  1.052E-03  5.046E-04  1.072E-04  4.977E-06  1.093E-07  1.707E-08  0.000E+00
  296.5000  2.334E-03  1.977E-03  1.023E-03  2.557E-04  1.652E-05  3.841E-07  5.516E-08  0.000E+00
  297.5000  4.697E-03  4.043E-03  2.235E-03  6.447E-04  5.566E-05  1.409E-06  1.829E-07  0.000E+00
  298.5000  5.836E-03  5.094E-03  2.977E-03  9.687E-04  1.067E-04  3.023E-06  3.494E-07  0.000E+00
  299.5000  1.354E-02  1.197E-02  7.374E-03  2.688E-03  3.729E-04  1.229E-05  1.226E-06  0.000E+00
  300.5000  1.308E-02  1.169E-02  7.494E-03  2.979E-03  4.928E-04  1.896E-05  1.645E-06  0.000E+00
  301.5000  2.685E-02  2.425E-02  1.624E-02  7.092E-03  1.421E-03  6.763E-05  4.881E-06  0.000E+00
  302.5000  3.421E-02  3.112E-02  2.145E-02  9.962E-03  2.262E-03  1.270E-04  7.995E-06  0.000E+00
  303.5000  5.994E-02  5.499E-02  3.920E-02  1.958E-02  5.155E-03  3.626E-04  1.916E-05  0.000E+00
  304.5000  6.663E-02  6.142E-02  4.466E-02  2.326E-02  6.667E-03  5.405E-04  2.573E-05  0.000E+00
  305.5000  9.017E-02  8.372E-02  6.266E-02  3.472E-02  1.131E-02  1.156E-03  4.705E-05  0.000E+00
  306.5000  9.519E-02  8.866E-02  6.719E-02  3.825E-02  1.315E-02  1.492E-03  5.691E-05  0.000E+00
  307.5000  1.401E-01  1.313E-01  1.019E-01  6.105E-02  2.332E-02  3.276E-03  1.115E-04  0.000E+00
  308.5000  1.581E-01  1.485E-01  1.164E-01  7.110E-02  2.828E-02  4.315E-03  1.416E-04  0.000E+00
  309.5000  1.413E-01  1.332E-01  1.060E-01  6.702E-02  2.857E-02  5.065E-03  1.581E-04  0.000E+00
  310.5000  1.942E-01  1.837E-01  1.479E-01  9.576E-02  4.290E-02  8.484E-03  2.603E-04  0.000E+00
  311.5000  2.516E-01  2.383E-01  1.933E-01  1.272E-01  5.889E-02  1.252E-02  3.824E-04  0.000E+00
  312.5000  2.482E-01  2.359E-01  1.939E-01  1.313E-01  6.442E-02  1.566E-02  4.922E-04  0.000E+00
  313.5000  2.822E-01  2.685E-01  2.214E-01  1.510E-01  7.513E-02  1.883E-02  5.997E-04  0.000E+00
  314.5000  2.846E-01  2.715E-01  2.265E-01  1.582E-01  8.276E-02  2.332E-02  8.071E-04  0.000E+00
  315.5000  2.944E-01  2.810E-01  2.349E-01  1.648E-01  8.694E-02  2.495E-02  8.814E-04  0.000E+00
  316.5000  2.952E-01  2.824E-01  2.381E-01  1.702E-01  9.335E-02  2.936E-02  1.176E-03  0.000E+00
  317.5000  4.175E-01  3.994E-01  3.369E-01  2.410E-01  1.322E-01  4.157E-02  1.662E-03  0.000E+00
  318.5000  3.303E-01  3.167E-01  2.693E-01  1.959E-01  1.114E-01  3.812E-02  1.808E-03  0.000E+00
  319.5000  4.035E-01  3.869E-01  3.296E-01  2.407E-01  1.378E-01  4.790E-02  2.363E-03  0.000E+00
  320.5000  4.915E-01  4.716E-01  4.025E-01  2.953E-01  1.704E-01  6.040E-02  3.126E-03  0.000E+00
  321.5000  4.194E-01  4.032E-01  3.466E-01  2.583E-01  1.540E-01  5.898E-02  3.899E-03  0.000E+00
  322.5000  4.205E-01  4.038E-01  3.454E-01  2.544E-01  1.481E-01  5.339E-02  2.890E-03  0.000E+00
  323.5000  4.356E-01  4.191E-01  3.617E-01  2.715E-01  1.643E-01  6.514E-02  4.878E-03  0.000E+00
  324.5000  5.110E-01  4.917E-01  4.242E-01  3.184E-01  1.925E-01  7.602E-02  5.606E-03  0.000E+00
  325.5000  5.722E-01  5.505E-01  4.746E-01  3.554E-01  2.139E-01  8.343E-02  5.849E-03  0.000E+00
  326.5000  6.944E-01  6.690E-01  5.802E-01  4.402E-01  2.719E-01  1.131E-01  1.033E-02  0.000E+00
  327.5000  6.460E-01  6.215E-01  5.387E-01  4.072E-01  2.496E-01  1.017E-01  8.470E-03  0.000E+00
  328.5000  5.963E-01  5.743E-01  4.974E-01  3.762E-01  2.308E-01  9.406E-02  7.837E-03  0.000E+00
  329.5000  7.739E-01  7.462E-01  6.492E-01  4.957E-01  3.101E-01  1.326E-01  1.371E-02  0.000E+00
  330.5000  7.031E-01  6.777E-01  5.887E-01  4.479E-01  2.781E-01  1.166E-01  1.097E-02  0.000E+00
  331.5000  6.945E-01  6.694E-01  5.814E-01  4.422E-01  2.742E-01  1.145E-01  1.056E-02  0.000E+00
  332.5000  6.842E-01  6.600E-01  5.751E-01  4.405E-01  2.771E-01  1.197E-01  1.301E-02  0.000E+00
  333.5000  6.426E-01  6.197E-01  5.394E-01  4.122E-01  2.578E-01  1.098E-01  1.109E-02  0.000E+00
  334.5000  7.178E-01  6.924E-01  6.032E-01  4.618E-01  2.899E-01  1.244E-01  1.302E-02  0.000E+00
  335.5000  7.275E-01  7.020E-01  6.126E-01  4.706E-01  2.975E-01  1.298E-01  1.475E-02  0.000E+00
  336.5000  5.686E-01  5.486E-01  4.787E-01  3.675E-01  2.320E-01  1.007E-01  1.116E-02  0.000E+00
  337.5000  6.238E-01  6.018E-01  5.247E-01  4.021E-01  2.528E-01  1.085E-01  1.134E-02  0.000E+00
  338.5000  6.583E-01  6.354E-01  5.549E-01  4.268E-01  2.703E-01  1.180E-01  1.346E-02  0.000E+00
  339.5000  7.154E-01  6.906E-01  6.033E-01  4.644E-01  2.946E-01  1.289E-01  1.487E-02  0.000E+00
  340.5000  7.646E-01  7.380E-01  6.445E-01  4.958E-01  3.138E-01  1.365E-01  1.523E-02  0.000E+00
  341.5000  6.789E-01  6.554E-01  5.730E-01  4.416E-01  2.806E-01  1.232E-01  1.438E-02  0.000E+00
  342.5000  7.518E-01  7.259E-01  6.348E-01  4.896E-01  3.115E-01  1.369E-01  1.612E-02  0.000E+00
  343.5000  7.806E-01  7.537E-01  6.591E-01  5.082E-01  3.231E-01  1.416E-01  1.641E-02  0.000E+00
  344.5000  5.469E-01  5.281E-01  4.617E-01  3.560E-01  2.261E-01  9.879E-02  1.124E-02  0.000E+00
  345.5000  7.491E-01  7.234E-01  6.331E-01  4.890E-01  3.118E-01  1.374E-01  1.636E-02  0.000E+00
  346.5000  7.005E-01  6.764E-01  5.919E-01  4.569E-01  2.909E-01  1.276E-01  1.476E-02  0.000E+00
  347.5000  6.842E-01  6.607E-01  5.783E-01  4.466E-01  2.845E-01  1.249E-01  1.449E-02  0.000E+00
  348.5000  7.516E-01  7.259E-01  6.356E-01  4.912E-01  3.133E-01  1.378E-01  1.615E-02  0.000E+00
  349.5000  6.296E-01  6.082E-01  5.325E-01  4.117E-01  2.627E-01  1.155E-01  1.351E-02  0.000E+00
  350.5000  8.812E-01  8.512E-01  7.456E-01  5.767E-01  3.682E-01  1.620E-01  1.899E-02  0.000E+00
  351.5000  7.592E-01  7.334E-01  6.424E-01  4.970E-01  3.174E-01  1.396E-01  1.629E-02  0.000E+00
  352.5000  6.844E-01  6.612E-01  5.793E-01  4.484E-01  2.866E-01  1.261E-01  1.476E-02  0.000E+00
  353.5000  8.236E-01  7.956E-01  6.973E-01  5.400E-01  3.454E-01  1.522E-01  1.790E-02  0.000E+00
  354.5000  8.910E-01  8.608E-01  7.547E-01  5.847E-01  3.743E-01  1.650E-01  1.949E-02  0.000E+00
  355.5000  8.323E-01  8.042E-01  7.052E-01  5.465E-01  3.500E-01  1.544E-01  1.823E-02  0.000E+00
  356.5000  7.721E-01  7.460E-01  6.543E-01  5.073E-01  3.250E-01  1.434E-01  1.692E-02  0.000E+00
  357.5000  6.563E-01  6.342E-01  5.563E-01  4.314E-01  2.766E-01  1.220E-01  1.438E-02  0.000E+00
  358.5000  5.062E-01  4.892E-01  4.292E-01  3.330E-01  2.136E-01  9.428E-02  1.113E-02  0.000E+00
  359.5000  8.517E-01  8.230E-01  7.222E-01  5.605E-01  3.597E-01  1.588E-01  1.874E-02  0.000E+00
  360.5000  7.891E-01  7.626E-01  6.693E-01  5.197E-01  3.337E-01  1.473E-01  1.739E-02  0.000E+00
  361.5000  7.111E-01  6.873E-01  6.034E-01  4.686E-01  3.011E-01  1.330E-01  1.571E-02  0.000E+00
  362.5000  8.348E-01  8.068E-01  7.084E-01  5.504E-01  3.538E-01  1.564E-01  1.848E-02  0.000E+00
  363.5000  7.423E-01  7.175E-01  6.301E-01  4.897E-01  3.149E-01  1.392E-01  1.646E-02  0.000E+00
  364.5000  8.095E-01  7.824E-01  6.872E-01  5.343E-01  3.438E-01  1.520E-01  1.795E-02  0.000E+00
  365.5000  9.860E-01  9.531E-01  8.373E-01  6.512E-01  4.191E-01  1.853E-01  2.186E-02  0.000E+00
  366.5000  1.043E+00  1.008E+00  8.860E-01  6.893E-01  4.439E-01  1.963E-01  2.317E-02  0.000E+00
  367.5000  9.900E-01  9.571E-01  8.411E-01  6.546E-01  4.217E-01  1.866E-01  2.203E-02  0.000E+00
  368.5000  8.694E-01  8.405E-01  7.388E-01  5.751E-01  3.707E-01  1.641E-01  1.936E-02  0.000E+00
  369.5000  1.042E+00  1.008E+00  8.860E-01  6.900E-01  4.450E-01  1.970E-01  2.324E-02  0.000E+00
  370.5000  9.454E-01  9.141E-01  8.037E-01  6.261E-01  4.040E-01  1.789E-01  2.109E-02  0.000E+00
  371.5000  1.081E+00  1.046E+00  9.195E-01  7.165E-01  4.625E-01  2.049E-01  2.415E-02  0.000E+00
  372.5000  7.985E-01  7.721E-01  6.791E-01  5.293E-01  3.419E-01  1.515E-01  1.785E-02  0.000E+00
  373.5000  7.215E-01  6.977E-01  6.137E-01  4.785E-01  3.092E-01  1.370E-01  1.613E-02  0.000E+00
  374.5000  7.916E-01  7.655E-01  6.735E-01  5.253E-01  3.396E-01  1.505E-01  1.771E-02  0.000E+00
  375.5000  8.928E-01  8.634E-01  7.598E-01  5.928E-01  3.833E-01  1.700E-01  2.000E-02  0.000E+00
  376.5000  8.912E-01  8.619E-01  7.586E-01  5.920E-01  3.830E-01  1.699E-01  1.998E-02  0.000E+00
  377.5000  1.061E+00  1.026E+00  9.032E-01  7.051E-01  4.564E-01  2.025E-01  2.381E-02  0.000E+00
  378.5000  1.156E+00  1.118E+00  9.843E-01  7.686E-01  4.978E-01  2.209E-01  2.596E-02  0.000E+00
  379.5000  8.549E-01  8.269E-01  7.281E-01  5.688E-01  3.685E-01  1.636E-01  1.921E-02  0.000E+00
  380.5000  1.028E+00  9.942E-01  8.755E-01  6.841E-01  4.434E-01  1.969E-01  2.311E-02  0.000E+00
  381.5000  9.655E-01  9.339E-01  8.226E-01  6.430E-01  4.169E-01  1.852E-01  2.173E-02  0.000E+00
  382.5000  6.431E-01  6.222E-01  5.481E-01  4.285E-01  2.780E-01  1.235E-01  1.449E-02  0.000E+00
  383.5000  5.646E-01  5.462E-01  4.812E-01  3.763E-01  2.443E-01  1.086E-01  1.272E-02  0.000E+00
  384.5000  8.470E-01  8.194E-01  7.221E-01  5.649E-01  3.668E-01  1.631E-01  1.910E-02  0.000E+00
  385.5000  8.377E-01  8.105E-01  7.143E-01  5.590E-01  3.631E-01  1.615E-01  1.891E-02  0.000E+00
  386.5000  8.537E-01  8.260E-01  7.281E-01  5.699E-01  3.704E-01  1.648E-01  1.928E-02  0.000E+00
  387.5000  7.931E-01  7.674E-01  6.766E-01  5.297E-01  3.444E-01  1.533E-01  1.793E-02  0.000E+00
  388.5000  7.948E-01  7.690E-01  6.781E-01  5.310E-01  3.454E-01  1.538E-01  1.798E-02  0.000E+00
  389.5000  1.002E+00  9.695E-01  8.550E-01  6.698E-01  4.359E-01  1.941E-01  2.268E-02  0.000E+00
  390.5000  9.839E-01  9.521E-01  8.397E-01  6.580E-01  4.284E-01  1.908E-01  2.229E-02  0.000E+00
  391.5000  1.167E+00  1.129E+00  9.961E-01  7.808E-01  5.086E-01  2.266E-01  2.645E-02  0.000E+00
  392.5000  8.748E-01  8.466E-01  7.469E-01  5.856E-01  3.816E-01  1.701E-01  1.984E-02  0.000E+00
  393.5000  3.802E-01  3.680E-01  3.247E-01  2.546E-01  1.660E-01  7.402E-02  8.631E-03  0.000E+00
  394.5000  8.945E-01  8.657E-01  7.640E-01  5.993E-01  3.908E-01  1.743E-01  2.032E-02  0.000E+00
  395.5000  1.151E+00  1.114E+00  9.829E-01  7.712E-01  5.032E-01  2.245E-01  2.615E-02  0.000E+00
  396.5000  6.755E-01  6.538E-01  5.771E-01  4.530E-01  2.957E-01  1.320E-01  1.536E-02  0.000E+00
  397.5000  7.792E-01  7.542E-01  6.659E-01  5.228E-01  3.414E-01  1.524E-01  1.774E-02  0.000E+00
  398.5000  1.339E+00  1.296E+00  1.144E+00  8.985E-01  5.870E-01  2.622E-01  3.049E-02  0.000E+00
  399.5000  1.392E+00  1.348E+00  1.190E+00  9.347E-01  6.109E-01  2.730E-01  3.173E-02  0.000E+00
  400.5000  1.463E+00  1.416E+00  1.251E+00  9.829E-01  6.426E-01  2.873E-01  3.337E-02  0.000E+00
  401.5000  1.505E+00  1.457E+00  1.287E+00  1.011E+00  6.616E-01  2.959E-01  3.434E-02  0.000E+00
  402.5000  1.562E+00  1.512E+00  1.336E+00  1.050E+00  6.872E-01  3.074E-01  3.567E-02  0.000E+00
  403.5000  1.430E+00  1.384E+00  1.223E+00  9.615E-01  6.294E-01  2.817E-01  3.266E-02  0.000E+00
  404.5000  1.402E+00  1.357E+00  1.199E+00  9.432E-01  6.177E-01  2.765E-01  3.205E-02  0.000E+00
  405.5000  1.456E+00  1.410E+00  1.246E+00  9.800E-01  6.421E-01  2.876E-01  3.331E-02  0.000E+00
  406.5000  1.371E+00  1.327E+00  1.173E+00  9.233E-01  6.051E-01  2.711E-01  3.138E-02  0.000E+00
  407.5000  1.382E+00  1.338E+00  1.183E+00  9.310E-01  6.104E-01  2.736E-01  3.164E-02  0.000E+00
  408.5000  1.539E+00  1.490E+00  1.317E+00  1.037E+00  6.803E-01  3.050E-01  3.525E-02  0.000E+00
  409.5000  1.508E+00  1.460E+00  1.291E+00  1.017E+00  6.673E-01  2.993E-01  3.456E-02  0.000E+00
  410.5000  1.308E+00  1.266E+00  1.120E+00  8.820E-01  5.790E-01  2.598E-01  2.999E-02  0.000E+00
  411.5000  1.571E+00  1.522E+00  1.346E+00  1.060E+00  6.964E-01  3.126E-01  3.606E-02  0.000E+00
  412.5000  1.557E+00  1.508E+00  1.334E+00  1.051E+00  6.906E-01  3.101E-01  3.576E-02  0.000E+00
  413.5000  1.510E+00  1.462E+00  1.294E+00  1.020E+00  6.702E-01  3.011E-01  3.470E-02  0.000E+00
  414.5000  1.552E+00  1.503E+00  1.330E+00  1.048E+00  6.892E-01  3.098E-01  3.568E-02  0.000E+00
  415.5000  1.484E+00  1.437E+00  1.272E+00  1.003E+00  6.596E-01  2.966E-01  3.413E-02  0.000E+00
  416.5000  1.615E+00  1.564E+00  1.384E+00  1.092E+00  7.183E-01  3.231E-01  3.715E-02  0.000E+00
  417.5000  1.476E+00  1.429E+00  1.265E+00  9.981E-01  6.570E-01  2.956E-01  3.397E-02  0.000E+00
  418.5000  1.487E+00  1.440E+00  1.275E+00  1.006E+00  6.626E-01  2.982E-01  3.425E-02  0.000E+00
  419.5000  1.536E+00  1.488E+00  1.317E+00  1.040E+00  6.848E-01  3.084E-01  3.540E-02  0.000E+00
  420.5000  1.543E+00  1.495E+00  1.324E+00  1.045E+00  6.887E-01  3.102E-01  3.559E-02  0.000E+00
  421.5000  1.610E+00  1.560E+00  1.381E+00  1.091E+00  7.190E-01  3.240E-01  3.714E-02  0.000E+00
  422.5000  1.428E+00  1.383E+00  1.225E+00  9.674E-01  6.380E-01  2.876E-01  3.294E-02  0.000E+00
  423.5000  1.557E+00  1.508E+00  1.336E+00  1.055E+00  6.960E-01  3.139E-01  3.590E-02  0.000E+00
  424.5000  1.562E+00  1.513E+00  1.340E+00  1.059E+00  6.989E-01  3.153E-01  3.602E-02  0.000E+00
  425.5000  1.513E+00  1.466E+00  1.299E+00  1.026E+00  6.775E-01  3.058E-01  3.490E-02  0.000E+00
  426.5000  1.529E+00  1.482E+00  1.313E+00  1.038E+00  6.852E-01  3.094E-01  3.529E-02  0.000E+00
  427.5000  1.400E+00  1.356E+00  1.202E+00  9.500E-01  6.276E-01  2.835E-01  3.233E-02  0.000E+00
  428.5000  1.483E+00  1.437E+00  1.273E+00  1.007E+00  6.654E-01  3.007E-01  3.428E-02  0.000E+00
  429.5000  1.356E+00  1.314E+00  1.164E+00  9.210E-01  6.089E-01  2.753E-01  3.137E-02  0.000E+00
  430.5000  1.000E+00  9.692E-01  8.591E-01  6.796E-01  4.495E-01  2.033E-01  2.315E-02  0.000E+00
  431.5000  1.401E+00  1.358E+00  1.203E+00  9.523E-01  6.300E-01  2.851E-01  3.242E-02  0.000E+00
  432.5000  1.497E+00  1.450E+00  1.286E+00  1.017E+00  6.734E-01  3.048E-01  3.463E-02  0.000E+00
  433.5000  1.645E+00  1.594E+00  1.413E+00  1.118E+00  7.405E-01  3.353E-01  3.806E-02  0.000E+00
  434.5000  1.421E+00  1.377E+00  1.221E+00  9.668E-01  6.403E-01  2.901E-01  3.290E-02  0.000E+00
  435.5000  1.617E+00  1.567E+00  1.389E+00  1.100E+00  7.290E-01  3.304E-01  3.746E-02  0.000E+00
  436.5000  1.738E+00  1.684E+00  1.494E+00  1.183E+00  7.843E-01  3.556E-01  4.030E-02  0.000E+00
  437.5000  1.639E+00  1.588E+00  1.409E+00  1.116E+00  7.399E-01  3.356E-01  3.799E-02  0.000E+00
  438.5000  1.462E+00  1.416E+00  1.256E+00  9.955E-01  6.602E-01  2.995E-01  3.386E-02  0.000E+00
  439.5000  1.659E+00  1.608E+00  1.426E+00  1.130E+00  7.499E-01  3.403E-01  3.840E-02  0.000E+00
  440.5000  1.566E+00  1.517E+00  1.346E+00  1.067E+00  7.080E-01  3.214E-01  3.619E-02  0.000E+00
  441.5000  1.751E+00  1.697E+00  1.506E+00  1.194E+00  7.923E-01  3.597E-01  4.043E-02  0.000E+00
  442.5000  1.822E+00  1.766E+00  1.567E+00  1.243E+00  8.250E-01  3.747E-01  4.205E-02  0.000E+00
  443.5000  1.751E+00  1.697E+00  1.506E+00  1.195E+00  7.933E-01  3.605E-01  4.042E-02  0.000E+00
  444.5000  1.806E+00  1.751E+00  1.554E+00  1.232E+00  8.188E-01  3.722E-01  4.174E-02  0.000E+00
  445.5000  1.709E+00  1.656E+00  1.470E+00  1.166E+00  7.752E-01  3.526E-01  3.955E-02  0.000E+00
  446.5000  1.700E+00  1.648E+00  1.463E+00  1.161E+00  7.719E-01  3.513E-01  3.940E-02  0.000E+00
  447.5000  1.855E+00  1.798E+00  1.596E+00  1.267E+00  8.424E-01  3.835E-01  4.300E-02  0.000E+00
  448.5000  1.797E+00  1.742E+00  1.546E+00  1.228E+00  8.167E-01  3.719E-01  4.164E-02  0.000E+00
  449.5000  1.789E+00  1.734E+00  1.540E+00  1.222E+00  8.134E-01  3.705E-01  4.141E-02  0.000E+00
  450.5000  1.919E+00  1.861E+00  1.652E+00  1.312E+00  8.733E-01  3.979E-01  4.440E-02  0.000E+00
  451.5000  1.891E+00  1.833E+00  1.628E+00  1.293E+00  8.609E-01  3.924E-01  4.374E-02  0.000E+00
  452.5000  1.812E+00  1.757E+00  1.560E+00  1.239E+00  8.254E-01  3.764E-01  4.194E-02  0.000E+00
  453.5000  1.747E+00  1.694E+00  1.504E+00  1.195E+00  7.964E-01  3.634E-01  4.047E-02  0.000E+00
  454.5000  1.858E+00  1.801E+00  1.600E+00  1.271E+00  8.473E-01  3.868E-01  4.304E-02  0.000E+00
  455.5000  1.789E+00  1.734E+00  1.540E+00  1.224E+00  8.161E-01  3.726E-01  4.140E-02  0.000E+00
  456.5000  1.911E+00  1.852E+00  1.646E+00  1.308E+00  8.722E-01  3.983E-01  4.414E-02  0.000E+00
  457.5000  1.929E+00  1.870E+00  1.661E+00  1.321E+00  8.807E-01  4.022E-01  4.443E-02  0.000E+00
  458.5000  1.806E+00  1.751E+00  1.556E+00  1.237E+00  8.251E-01  3.768E-01  4.149E-02  0.000E+00
  459.5000  1.848E+00  1.792E+00  1.592E+00  1.266E+00  8.443E-01  3.856E-01  4.231E-02  0.000E+00
  460.5000  1.872E+00  1.815E+00  1.613E+00  1.282E+00  8.556E-01  3.908E-01  4.274E-02  0.000E+00
  461.5000  1.924E+00  1.865E+00  1.658E+00  1.318E+00  8.797E-01  4.019E-01  4.386E-02  0.000E+00
  462.5000  1.919E+00  1.860E+00  1.653E+00  1.315E+00  8.779E-01  4.012E-01  4.376E-02  0.000E+00
  463.5000  1.884E+00  1.827E+00  1.624E+00  1.292E+00  8.627E-01  3.945E-01  4.306E-02  0.000E+00
  464.5000  1.825E+00  1.769E+00  1.573E+00  1.251E+00  8.361E-01  3.826E-01  4.180E-02  0.000E+00
  465.5000  1.859E+00  1.802E+00  1.602E+00  1.275E+00  8.523E-01  3.903E-01  4.268E-02  0.000E+00
  466.5000  1.808E+00  1.753E+00  1.559E+00  1.241E+00  8.294E-01  3.800E-01  4.155E-02  0.000E+00
  467.5000  1.872E+00  1.816E+00  1.614E+00  1.285E+00  8.594E-01  3.939E-01  4.299E-02  0.000E+00
  468.5000  1.837E+00  1.781E+00  1.584E+00  1.261E+00  8.435E-01  3.866E-01  4.210E-02  0.000E+00
  469.5000  1.865E+00  1.808E+00  1.608E+00  1.281E+00  8.567E-01  3.928E-01  4.266E-02  0.000E+00
  470.5000  1.753E+00  1.700E+00  1.512E+00  1.204E+00  8.058E-01  3.695E-01  4.007E-02  0.000E+00
  471.5000  1.833E+00  1.777E+00  1.581E+00  1.259E+00  8.428E-01  3.866E-01  4.189E-02  0.000E+00
  472.5000  1.919E+00  1.861E+00  1.655E+00  1.319E+00  8.828E-01  4.052E-01  4.388E-02  0.000E+00
  473.5000  1.818E+00  1.763E+00  1.568E+00  1.250E+00  8.368E-01  3.842E-01  4.157E-02  0.000E+00
  474.5000  1.908E+00  1.850E+00  1.646E+00  1.312E+00  8.785E-01  4.035E-01  4.358E-02  0.000E+00
  475.5000  1.876E+00  1.819E+00  1.619E+00  1.290E+00  8.642E-01  3.969E-01  4.274E-02  0.000E+00
  476.5000  1.825E+00  1.770E+00  1.575E+00  1.255E+00  8.408E-01  3.861E-01  4.140E-02  0.000E+00
  477.5000  1.947E+00  1.889E+00  1.680E+00  1.339E+00  8.973E-01  4.120E-01  4.395E-02  0.000E+00
  478.5000  1.897E+00  1.840E+00  1.637E+00  1.305E+00  8.741E-01  4.012E-01  4.257E-02  0.000E+00
  479.5000  1.917E+00  1.859E+00  1.654E+00  1.319E+00  8.834E-01  4.053E-01  4.276E-02  0.000E+00
  480.5000  1.883E+00  1.826E+00  1.625E+00  1.295E+00  8.676E-01  3.979E-01  4.175E-02  0.000E+00
  481.5000  1.926E+00  1.868E+00  1.662E+00  1.325E+00  8.875E-01  4.070E-01  4.252E-02  0.000E+00
  482.5000  1.915E+00  1.857E+00  1.652E+00  1.317E+00  8.828E-01  4.049E-01  4.220E-02  0.000E+00
  483.5000  1.873E+00  1.816E+00  1.616E+00  1.289E+00  8.638E-01  3.964E-01  4.129E-02  0.000E+00
  484.5000  1.838E+00  1.783E+00  1.587E+00  1.265E+00  8.485E-01  3.897E-01  4.064E-02  0.000E+00
  485.5000  1.756E+00  1.703E+00  1.516E+00  1.209E+00  8.110E-01  3.728E-01  3.895E-02  0.000E+00
  486.5000  1.458E+00  1.414E+00  1.258E+00  1.004E+00  6.737E-01  3.099E-01  3.243E-02  0.000E+00
  487.5000  1.695E+00  1.644E+00  1.464E+00  1.168E+00  7.842E-01  3.609E-01  3.778E-02  0.000E+00
  488.5000  1.829E+00  1.774E+00  1.579E+00  1.260E+00  8.463E-01  3.896E-01  4.072E-02  0.000E+00
  489.5000  1.820E+00  1.765E+00  1.572E+00  1.254E+00  8.424E-01  3.879E-01  4.044E-02  0.000E+00
  490.5000  1.896E+00  1.839E+00  1.637E+00  1.307E+00  8.776E-01  4.041E-01  4.201E-02  0.000E+00
  491.5000  1.829E+00  1.774E+00  1.580E+00  1.261E+00  8.471E-01  3.901E-01  4.045E-02  0.000E+00
  492.5000  1.706E+00  1.654E+00  1.473E+00  1.176E+00  7.901E-01  3.640E-01  3.767E-02  0.000E+00
  493.5000  1.837E+00  1.782E+00  1.587E+00  1.267E+00  8.516E-01  3.924E-01  4.057E-02  0.000E+00
  494.5000  1.864E+00  1.808E+00  1.610E+00  1.285E+00  8.641E-01  3.983E-01  4.112E-02  0.000E+00
  495.5000  1.800E+00  1.746E+00  1.555E+00  1.242E+00  8.350E-01  3.850E-01  3.967E-02  0.000E+00
  496.5000  1.897E+00  1.840E+00  1.639E+00  1.309E+00  8.800E-01  4.057E-01  4.168E-02  0.000E+00
  497.5000  1.876E+00  1.820E+00  1.621E+00  1.295E+00  8.705E-01  4.013E-01  4.104E-02  0.000E+00
  498.5000  1.736E+00  1.683E+00  1.499E+00  1.197E+00  8.051E-01  3.710E-01  3.772E-02  0.000E+00
  499.5000  1.835E+00  1.780E+00  1.585E+00  1.266E+00  8.512E-01  3.920E-01  3.958E-02  0.000E+00
  500.5000  1.705E+00  1.654E+00  1.473E+00  1.176E+00  7.907E-01  3.639E-01  3.646E-02  0.000E+00
  501.5000  1.688E+00  1.638E+00  1.459E+00  1.165E+00  7.828E-01  3.600E-01  3.577E-02  0.000E+00
  502.5000  1.742E+00  1.690E+00  1.505E+00  1.202E+00  8.076E-01  3.711E-01  3.658E-02  0.000E+00
  503.5000  1.814E+00  1.760E+00  1.567E+00  1.251E+00  8.407E-01  3.861E-01  3.777E-02  0.000E+00
  504.5000  1.726E+00  1.675E+00  1.491E+00  1.191E+00  7.999E-01  3.672E-01  3.571E-02  0.000E+00
  505.5000  1.790E+00  1.736E+00  1.546E+00  1.235E+00  8.296E-01  3.808E-01  3.689E-02  0.000E+00
  506.5000  1.823E+00  1.769E+00  1.575E+00  1.258E+00  8.453E-01  3.881E-01  3.755E-02  0.000E+00
  507.5000  1.788E+00  1.734E+00  1.545E+00  1.234E+00  8.294E-01  3.811E-01  3.689E-02  0.000E+00
  508.5000  1.701E+00  1.650E+00  1.470E+00  1.174E+00  7.895E-01  3.630E-01  3.520E-02  0.000E+00
  509.5000  1.804E+00  1.750E+00  1.559E+00  1.245E+00  8.378E-01  3.855E-01  3.743E-02  0.000E+00
  510.5000  1.727E+00  1.676E+00  1.493E+00  1.193E+00  8.027E-01  3.696E-01  3.592E-02  0.000E+00
  511.5000  1.800E+00  1.746E+00  1.556E+00  1.243E+00  8.370E-01  3.856E-01  3.745E-02  0.000E+00
  512.5000  1.736E+00  1.684E+00  1.500E+00  1.199E+00  8.073E-01  3.720E-01  3.607E-02  0.000E+00
  513.5000  1.727E+00  1.676E+00  1.493E+00  1.193E+00  8.035E-01  3.703E-01  3.580E-02  0.000E+00
  514.5000  1.648E+00  1.599E+00  1.424E+00  1.139E+00  7.666E-01  3.532E-01  3.404E-02  0.000E+00
  515.5000  1.747E+00  1.695E+00  1.510E+00  1.207E+00  8.130E-01  3.746E-01  3.598E-02  0.000E+00
  516.5000  1.578E+00  1.531E+00  1.364E+00  1.090E+00  7.343E-01  3.384E-01  3.239E-02  0.000E+00
  517.5000  1.523E+00  1.478E+00  1.317E+00  1.053E+00  7.089E-01  3.267E-01  3.118E-02  0.000E+00
  518.5000  1.538E+00  1.493E+00  1.330E+00  1.063E+00  7.163E-01  3.301E-01  3.141E-02  0.000E+00
  519.5000  1.659E+00  1.610E+00  1.434E+00  1.147E+00  7.726E-01  3.560E-01  3.377E-02  0.000E+00
  520.5000  1.696E+00  1.646E+00  1.467E+00  1.173E+00  7.899E-01  3.640E-01  3.440E-02  0.000E+00
  521.5000  1.725E+00  1.674E+00  1.491E+00  1.192E+00  8.034E-01  3.701E-01  3.482E-02  0.000E+00
  522.5000  1.696E+00  1.645E+00  1.466E+00  1.172E+00  7.896E-01  3.636E-01  3.401E-02  0.000E+00
  523.5000  1.727E+00  1.675E+00  1.493E+00  1.194E+00  8.039E-01  3.700E-01  3.439E-02  0.000E+00
  524.5000  1.796E+00  1.743E+00  1.553E+00  1.242E+00  8.362E-01  3.846E-01  3.548E-02  0.000E+00
  525.5000  1.760E+00  1.708E+00  1.522E+00  1.217E+00  8.192E-01  3.765E-01  3.447E-02  0.000E+00
  526.5000  1.618E+00  1.570E+00  1.399E+00  1.118E+00  7.527E-01  3.457E-01  3.138E-02  0.000E+00
  527.5000  1.599E+00  1.551E+00  1.382E+00  1.105E+00  7.433E-01  3.411E-01  3.071E-02  0.000E+00
  528.5000  1.741E+00  1.689E+00  1.505E+00  1.203E+00  8.091E-01  3.710E-01  3.312E-02  0.000E+00
  529.5000  1.770E+00  1.717E+00  1.530E+00  1.223E+00  8.224E-01  3.768E-01  3.337E-02  0.000E+00
  530.5000  1.778E+00  1.725E+00  1.537E+00  1.228E+00  8.261E-01  3.783E-01  3.327E-02  0.000E+00
  531.5000  1.808E+00  1.754E+00  1.562E+00  1.249E+00  8.398E-01  3.844E-01  3.360E-02  0.000E+00
  532.5000  1.664E+00  1.614E+00  1.438E+00  1.149E+00  7.728E-01  3.536E-01  3.077E-02  0.000E+00
  533.5000  1.745E+00  1.693E+00  1.509E+00  1.206E+00  8.109E-01  3.711E-01  3.219E-02  0.000E+00
  534.5000  1.711E+00  1.660E+00  1.479E+00  1.182E+00  7.951E-01  3.639E-01  3.152E-02  0.000E+00
  535.5000  1.792E+00  1.739E+00  1.549E+00  1.238E+00  8.332E-01  3.815E-01  3.302E-02  0.000E+00
  536.5000  1.742E+00  1.692E+00  1.507E+00  1.205E+00  8.109E-01  3.715E-01  3.214E-02  0.000E+00
  537.5000  1.705E+00  1.654E+00  1.474E+00  1.178E+00  7.932E-01  3.635E-01  3.144E-02  0.000E+00
  538.5000  1.757E+00  1.705E+00  1.519E+00  1.215E+00  8.176E-01  3.748E-01  3.237E-02  0.000E+00
  539.5000  1.676E+00  1.626E+00  1.449E+00  1.159E+00  7.801E-01  3.576E-01  3.080E-02  0.000E+00
  540.5000  1.660E+00  1.611E+00  1.436E+00  1.148E+00  7.729E-01  3.543E-01  3.039E-02  0.000E+00
  541.5000  1.708E+00  1.657E+00  1.477E+00  1.181E+00  7.952E-01  3.644E-01  3.111E-02  0.000E+00
  542.5000  1.740E+00  1.688E+00  1.504E+00  1.203E+00  8.097E-01  3.709E-01  3.152E-02  0.000E+00
  543.5000  1.681E+00  1.631E+00  1.454E+00  1.162E+00  7.826E-01  3.584E-01  3.030E-02  0.000E+00
  544.5000  1.742E+00  1.690E+00  1.506E+00  1.204E+00  8.105E-01  3.711E-01  3.123E-02  0.000E+00
  545.5000  1.763E+00  1.711E+00  1.524E+00  1.219E+00  8.205E-01  3.756E-01  3.149E-02  0.000E+00
  546.5000  1.750E+00  1.698E+00  1.513E+00  1.210E+00  8.145E-01  3.728E-01  3.113E-02  0.000E+00
  547.5000  1.710E+00  1.660E+00  1.479E+00  1.183E+00  7.962E-01  3.644E-01  3.033E-02  0.000E+00
  548.5000  1.742E+00  1.690E+00  1.506E+00  1.205E+00  8.110E-01  3.712E-01  3.079E-02  0.000E+00
  549.5000  1.763E+00  1.711E+00  1.525E+00  1.219E+00  8.209E-01  3.757E-01  3.108E-02  0.000E+00
  550.5000  1.750E+00  1.698E+00  1.513E+00  1.210E+00  8.152E-01  3.733E-01  3.075E-02  0.000E+00
  551.5000  1.739E+00  1.688E+00  1.504E+00  1.203E+00  8.103E-01  3.711E-01  3.047E-02  0.000E+00
  552.5000  1.743E+00  1.692E+00  1.508E+00  1.206E+00  8.122E-01  3.719E-01  3.045E-02  0.000E+00
  553.5000  1.733E+00  1.681E+00  1.499E+00  1.199E+00  8.075E-01  3.697E-01  3.016E-02  0.000E+00
  554.5000  1.756E+00  1.704E+00  1.518E+00  1.215E+00  8.181E-01  3.745E-01  3.042E-02  0.000E+00
  555.5000  1.760E+00  1.708E+00  1.522E+00  1.218E+00  8.202E-01  3.754E-01  3.035E-02  0.000E+00
  556.5000  1.717E+00  1.666E+00  1.485E+00  1.188E+00  7.999E-01  3.659E-01  2.943E-02  0.000E+00
  557.5000  1.686E+00  1.636E+00  1.458E+00  1.166E+00  7.855E-01  3.591E-01  2.869E-02  0.000E+00
  558.5000  1.671E+00  1.621E+00  1.445E+00  1.156E+00  7.780E-01  3.555E-01  2.819E-02  0.000E+00
  559.5000  1.644E+00  1.595E+00  1.421E+00  1.137E+00  7.651E-01  3.493E-01  2.748E-02  0.000E+00
  560.5000  1.676E+00  1.626E+00  1.449E+00  1.159E+00  7.798E-01  3.557E-01  2.777E-02  0.000E+00
  561.5000  1.682E+00  1.632E+00  1.455E+00  1.163E+00  7.824E-01  3.566E-01  2.762E-02  0.000E+00
  562.5000  1.678E+00  1.628E+00  1.451E+00  1.160E+00  7.801E-01  3.553E-01  2.731E-02  0.000E+00
  563.5000  1.701E+00  1.651E+00  1.471E+00  1.176E+00  7.907E-01  3.599E-01  2.747E-02  0.000E+00
  564.5000  1.701E+00  1.650E+00  1.470E+00  1.175E+00  7.904E-01  3.596E-01  2.727E-02  0.000E+00
  565.5000  1.670E+00  1.621E+00  1.444E+00  1.154E+00  7.761E-01  3.529E-01  2.662E-02  0.000E+00
  566.5000  1.639E+00  1.590E+00  1.417E+00  1.132E+00  7.612E-01  3.460E-01  2.596E-02  0.000E+00
  567.5000  1.719E+00  1.668E+00  1.486E+00  1.188E+00  7.985E-01  3.629E-01  2.710E-02  0.000E+00
  568.5000  1.646E+00  1.597E+00  1.423E+00  1.137E+00  7.646E-01  3.474E-01  2.583E-02  0.000E+00
  569.5000  1.696E+00  1.646E+00  1.466E+00  1.172E+00  7.878E-01  3.578E-01  2.647E-02  0.000E+00
  570.5000  1.647E+00  1.598E+00  1.424E+00  1.138E+00  7.649E-01  3.473E-01  2.557E-02  0.000E+00
  571.5000  1.619E+00  1.571E+00  1.400E+00  1.119E+00  7.518E-01  3.413E-01  2.502E-02  0.000E+00
  572.5000  1.722E+00  1.671E+00  1.489E+00  1.190E+00  7.998E-01  3.630E-01  2.651E-02  0.000E+00
  573.5000  1.712E+00  1.661E+00  1.480E+00  1.183E+00  7.948E-01  3.608E-01  2.628E-02  0.000E+00
  574.5000  1.701E+00  1.650E+00  1.471E+00  1.175E+00  7.901E-01  3.587E-01  2.609E-02  0.000E+00
  575.5000  1.668E+00  1.618E+00  1.442E+00  1.153E+00  7.750E-01  3.520E-01  2.559E-02  0.000E+00
  576.5000  1.680E+00  1.630E+00  1.452E+00  1.161E+00  7.808E-01  3.548E-01  2.582E-02  0.000E+00
  577.5000  1.694E+00  1.643E+00  1.465E+00  1.171E+00  7.880E-01  3.583E-01  2.613E-02  0.000E+00
  578.5000  1.623E+00  1.575E+00  1.403E+00  1.122E+00  7.553E-01  3.438E-01  2.514E-02  0.000E+00
  579.5000  1.665E+00  1.615E+00  1.440E+00  1.152E+00  7.752E-01  3.532E-01  2.591E-02  0.000E+00
  580.5000  1.680E+00  1.630E+00  1.453E+00  1.162E+00  7.827E-01  3.569E-01  2.625E-02  0.000E+00
  581.5000  1.671E+00  1.621E+00  1.445E+00  1.157E+00  7.791E-01  3.555E-01  2.620E-02  0.000E+00
  582.5000  1.700E+00  1.649E+00  1.470E+00  1.177E+00  7.929E-01  3.621E-01  2.677E-02  0.000E+00
  583.5000  1.688E+00  1.638E+00  1.460E+00  1.169E+00  7.879E-01  3.601E-01  2.667E-02  0.000E+00
  584.5000  1.687E+00  1.637E+00  1.460E+00  1.169E+00  7.880E-01  3.604E-01  2.673E-02  0.000E+00
  585.5000  1.633E+00  1.585E+00  1.413E+00  1.131E+00  7.629E-01  3.491E-01  2.592E-02  0.000E+00
  586.5000  1.648E+00  1.599E+00  1.426E+00  1.142E+00  7.703E-01  3.527E-01  2.621E-02  0.000E+00
  587.5000  1.683E+00  1.633E+00  1.457E+00  1.166E+00  7.868E-01  3.603E-01  2.676E-02  0.000E+00
  588.5000  1.663E+00  1.614E+00  1.439E+00  1.153E+00  7.778E-01  3.563E-01  2.645E-02  0.000E+00
  589.5000  1.422E+00  1.380E+00  1.231E+00  9.858E-01  6.652E-01  3.048E-01  2.259E-02  0.000E+00
  590.5000  1.652E+00  1.603E+00  1.430E+00  1.145E+00  7.727E-01  3.540E-01  2.617E-02  0.000E+00
  591.5000  1.641E+00  1.593E+00  1.421E+00  1.138E+00  7.678E-01  3.518E-01  2.592E-02  0.000E+00
  592.5000  1.664E+00  1.615E+00  1.440E+00  1.153E+00  7.783E-01  3.565E-01  2.615E-02  0.000E+00
  593.5000  1.631E+00  1.582E+00  1.411E+00  1.130E+00  7.625E-01  3.491E-01  2.545E-02  0.000E+00
  594.5000  1.655E+00  1.606E+00  1.432E+00  1.147E+00  7.736E-01  3.539E-01  2.563E-02  0.000E+00
  595.5000  1.612E+00  1.565E+00  1.395E+00  1.117E+00  7.535E-01  3.445E-01  2.478E-02  0.000E+00
  596.5000  1.647E+00  1.598E+00  1.425E+00  1.141E+00  7.692E-01  3.514E-01  2.508E-02  0.000E+00
  597.5000  1.632E+00  1.583E+00  1.412E+00  1.130E+00  7.619E-01  3.478E-01  2.465E-02  0.000E+00
  598.5000  1.602E+00  1.554E+00  1.386E+00  1.109E+00  7.476E-01  3.410E-01  2.401E-02  0.000E+00
  599.5000  1.619E+00  1.571E+00  1.401E+00  1.121E+00  7.555E-01  3.445E-01  2.412E-02  0.000E+00
  600.5000  1.601E+00  1.553E+00  1.385E+00  1.108E+00  7.469E-01  3.405E-01  2.373E-02  0.000E+00
  601.5000  1.586E+00  1.539E+00  1.373E+00  1.099E+00  7.402E-01  3.374E-01  2.343E-02  0.000E+00
  602.5000  1.565E+00  1.518E+00  1.354E+00  1.084E+00  7.303E-01  3.329E-01  2.307E-02  0.000E+00
  603.5000  1.629E+00  1.581E+00  1.410E+00  1.128E+00  7.604E-01  3.467E-01  2.402E-02  0.000E+00
  604.5000  1.620E+00  1.572E+00  1.402E+00  1.122E+00  7.565E-01  3.451E-01  2.394E-02  0.000E+00
  605.5000  1.611E+00  1.564E+00  1.395E+00  1.117E+00  7.530E-01  3.438E-01  2.391E-02  0.000E+00
  606.5000  1.612E+00  1.564E+00  1.395E+00  1.117E+00  7.538E-01  3.445E-01  2.407E-02  0.000E+00
  607.5000  1.636E+00  1.588E+00  1.417E+00  1.135E+00  7.658E-01  3.504E-01  2.461E-02  0.000E+00
  608.5000  1.594E+00  1.547E+00  1.380E+00  1.105E+00  7.465E-01  3.420E-01  2.414E-02  0.000E+00
  609.5000  1.608E+00  1.560E+00  1.392E+00  1.116E+00  7.537E-01  3.458E-01  2.455E-02  0.000E+00
  610.5000  1.576E+00  1.530E+00  1.365E+00  1.094E+00  7.393E-01  3.396E-01  2.425E-02  0.000E+00
  611.5000  1.620E+00  1.572E+00  1.403E+00  1.125E+00  7.605E-01  3.498E-01  2.513E-02  0.000E+00
  612.5000  1.580E+00  1.533E+00  1.368E+00  1.097E+00  7.423E-01  3.418E-01  2.469E-02  0.000E+00
  613.5000  1.556E+00  1.511E+00  1.348E+00  1.081E+00  7.320E-01  3.375E-01  2.451E-02  0.000E+00
  614.5000  1.589E+00  1.542E+00  1.377E+00  1.104E+00  7.479E-01  3.453E-01  2.522E-02  0.000E+00
  615.5000  1.582E+00  1.535E+00  1.371E+00  1.100E+00  7.451E-01  3.444E-01  2.528E-02  0.000E+00
  616.5000  1.523E+00  1.479E+00  1.320E+00  1.059E+00  7.181E-01  3.323E-01  2.451E-02  0.000E+00
  617.5000  1.546E+00  1.500E+00  1.340E+00  1.075E+00  7.291E-01  3.377E-01  2.502E-02  0.000E+00
  618.5000  1.597E+00  1.550E+00  1.384E+00  1.111E+00  7.539E-01  3.495E-01  2.600E-02  0.000E+00
  619.5000  1.582E+00  1.536E+00  1.371E+00  1.101E+00  7.472E-01  3.467E-01  2.589E-02  0.000E+00
  620.5000  1.605E+00  1.558E+00  1.391E+00  1.117E+00  7.585E-01  3.523E-01  2.638E-02  0.000E+00
  621.5000  1.582E+00  1.536E+00  1.372E+00  1.102E+00  7.482E-01  3.478E-01  2.612E-02  0.000E+00
  622.5000  1.581E+00  1.535E+00  1.371E+00  1.101E+00  7.481E-01  3.480E-01  2.621E-02  0.000E+00
  623.5000  1.549E+00  1.504E+00  1.344E+00  1.080E+00  7.335E-01  3.415E-01  2.578E-02  0.000E+00
  624.5000  1.536E+00  1.491E+00  1.332E+00  1.070E+00  7.274E-01  3.389E-01  2.567E-02  0.000E+00
  625.5000  1.535E+00  1.490E+00  1.331E+00  1.070E+00  7.275E-01  3.393E-01  2.579E-02  0.000E+00
  626.5000  1.568E+00  1.523E+00  1.360E+00  1.094E+00  7.438E-01  3.472E-01  2.647E-02  0.000E+00
  627.5000  1.587E+00  1.541E+00  1.377E+00  1.107E+00  7.533E-01  3.519E-01  2.693E-02  0.000E+00
  628.5000  1.575E+00  1.530E+00  1.367E+00  1.099E+00  7.480E-01  3.498E-01  2.685E-02  0.000E+00
  629.5000  1.573E+00  1.528E+00  1.365E+00  1.098E+00  7.475E-01  3.498E-01  2.694E-02  0.000E+00
  630.5000  1.550E+00  1.505E+00  1.345E+00  1.082E+00  7.370E-01  3.452E-01  2.670E-02  0.000E+00
  631.5000  1.533E+00  1.489E+00  1.331E+00  1.070E+00  7.293E-01  3.420E-01  2.654E-02  0.000E+00
  632.5000  1.552E+00  1.507E+00  1.347E+00  1.084E+00  7.385E-01  3.466E-01  2.700E-02  0.000E+00
  633.5000  1.544E+00  1.500E+00  1.341E+00  1.079E+00  7.356E-01  3.455E-01  2.703E-02  0.000E+00
  634.5000  1.540E+00  1.496E+00  1.337E+00  1.076E+00  7.341E-01  3.452E-01  2.710E-02  0.000E+00
  635.5000  1.568E+00  1.522E+00  1.361E+00  1.096E+00  7.476E-01  3.519E-01  2.774E-02  0.000E+00
  636.5000  1.523E+00  1.479E+00  1.322E+00  1.065E+00  7.267E-01  3.423E-01  2.709E-02  0.000E+00
  637.5000  1.568E+00  1.522E+00  1.361E+00  1.096E+00  7.485E-01  3.530E-01  2.804E-02  0.000E+00
  638.5000  1.560E+00  1.515E+00  1.355E+00  1.091E+00  7.452E-01  3.517E-01  2.805E-02  0.000E+00
  639.5000  1.546E+00  1.501E+00  1.342E+00  1.082E+00  7.390E-01  3.491E-01  2.796E-02  0.000E+00
  640.5000  1.506E+00  1.463E+00  1.308E+00  1.054E+00  7.204E-01  3.407E-01  2.740E-02  0.000E+00
  641.5000  1.519E+00  1.475E+00  1.320E+00  1.064E+00  7.272E-01  3.443E-01  2.780E-02  0.000E+00
  642.5000  1.530E+00  1.486E+00  1.329E+00  1.071E+00  7.330E-01  3.473E-01  2.814E-02  0.000E+00
  643.5000  1.533E+00  1.489E+00  1.332E+00  1.074E+00  7.348E-01  3.484E-01  2.833E-02  0.000E+00
  644.5000  1.533E+00  1.489E+00  1.332E+00  1.074E+00  7.349E-01  3.488E-01  2.843E-02  0.000E+00
  645.5000  1.501E+00  1.458E+00  1.305E+00  1.052E+00  7.203E-01  3.421E-01  2.797E-02  0.000E+00
  646.5000  1.520E+00  1.477E+00  1.321E+00  1.066E+00  7.298E-01  3.468E-01  2.842E-02  0.000E+00
  647.5000  1.523E+00  1.479E+00  1.323E+00  1.067E+00  7.312E-01  3.478E-01  2.858E-02  0.000E+00
  648.5000  1.533E+00  1.489E+00  1.332E+00  1.075E+00  7.365E-01  3.505E-01  2.888E-02  0.000E+00
  649.5000  1.452E+00  1.411E+00  1.263E+00  1.019E+00  6.984E-01  3.326E-01  2.746E-02  0.000E+00
  650.5000  1.516E+00  1.472E+00  1.318E+00  1.063E+00  7.290E-01  3.474E-01  2.874E-02  0.000E+00
  651.5000  1.526E+00  1.483E+00  1.327E+00  1.071E+00  7.343E-01  3.502E-01  2.905E-02  0.000E+00
  652.5000  1.507E+00  1.464E+00  1.310E+00  1.058E+00  7.255E-01  3.463E-01  2.879E-02  0.000E+00
  653.5000  1.515E+00  1.471E+00  1.317E+00  1.063E+00  7.295E-01  3.484E-01  2.904E-02  0.000E+00
  654.5000  1.494E+00  1.451E+00  1.299E+00  1.049E+00  7.199E-01  3.441E-01  2.876E-02  0.000E+00
  655.5000  1.450E+00  1.408E+00  1.260E+00  1.018E+00  6.987E-01  3.342E-01  2.800E-02  0.000E+00
  656.5000  1.169E+00  1.136E+00  1.017E+00  8.211E-01  5.639E-01  2.699E-01  2.268E-02  0.000E+00
  657.5000  1.430E+00  1.389E+00  1.244E+00  1.005E+00  6.902E-01  3.306E-01  2.785E-02  0.000E+00
  658.5000  1.477E+00  1.434E+00  1.284E+00  1.037E+00  7.128E-01  3.417E-01  2.886E-02  0.000E+00
  659.5000  1.456E+00  1.414E+00  1.266E+00  1.023E+00  7.032E-01  3.373E-01  2.855E-02  0.000E+00
  660.5000  1.483E+00  1.441E+00  1.290E+00  1.042E+00  7.166E-01  3.440E-01  2.919E-02  0.000E+00
  661.5000  1.478E+00  1.436E+00  1.286E+00  1.039E+00  7.145E-01  3.432E-01  2.920E-02  0.000E+00
  662.5000  1.483E+00  1.441E+00  1.290E+00  1.043E+00  7.172E-01  3.447E-01  2.940E-02  0.000E+00
  663.5000  1.452E+00  1.411E+00  1.264E+00  1.021E+00  7.027E-01  3.380E-01  2.891E-02  0.000E+00
  664.5000  1.457E+00  1.415E+00  1.267E+00  1.024E+00  7.051E-01  3.394E-01  2.910E-02  0.000E+00
  665.5000  1.477E+00  1.435E+00  1.285E+00  1.039E+00  7.152E-01  3.445E-01  2.960E-02  0.000E+00
  666.5000  1.456E+00  1.415E+00  1.267E+00  1.025E+00  7.055E-01  3.400E-01  2.929E-02  0.000E+00
  667.5000  1.465E+00  1.424E+00  1.275E+00  1.031E+00  7.104E-01  3.426E-01  2.960E-02  0.000E+00
  668.5000  1.483E+00  1.441E+00  1.291E+00  1.044E+00  7.193E-01  3.472E-01  3.008E-02  0.000E+00
  669.5000  1.483E+00  1.441E+00  1.291E+00  1.044E+00  7.197E-01  3.476E-01  3.020E-02  0.000E+00
  670.5000  1.476E+00  1.434E+00  1.285E+00  1.039E+00  7.164E-01  3.463E-01  3.016E-02  0.000E+00
  671.5000  1.456E+00  1.415E+00  1.268E+00  1.026E+00  7.074E-01  3.421E-01  2.987E-02  0.000E+00
  672.5000  1.474E+00  1.433E+00  1.284E+00  1.039E+00  7.164E-01  3.468E-01  3.034E-02  0.000E+00
  673.5000  1.486E+00  1.444E+00  1.293E+00  1.047E+00  7.222E-01  3.498E-01  3.067E-02  0.000E+00
  674.5000  1.480E+00  1.438E+00  1.289E+00  1.043E+00  7.197E-01  3.488E-01  3.065E-02  0.000E+00
  675.5000  1.465E+00  1.424E+00  1.276E+00  1.033E+00  7.129E-01  3.457E-01  3.044E-02  0.000E+00
  676.5000  1.468E+00  1.427E+00  1.279E+00  1.035E+00  7.145E-01  3.467E-01  3.058E-02  0.000E+00
  677.5000  1.463E+00  1.421E+00  1.274E+00  1.031E+00  7.121E-01  3.457E-01  3.055E-02  0.000E+00
  678.5000  1.450E+00  1.409E+00  1.263E+00  1.023E+00  7.064E-01  3.431E-01  3.037E-02  0.000E+00
  679.5000  1.445E+00  1.404E+00  1.259E+00  1.019E+00  7.041E-01  3.422E-01  3.033E-02  0.000E+00
  680.5000  1.438E+00  1.397E+00  1.253E+00  1.014E+00  7.009E-01  3.408E-01  3.024E-02  0.000E+00
  681.5000  1.444E+00  1.403E+00  1.258E+00  1.019E+00  7.041E-01  3.425E-01  3.043E-02  0.000E+00
  682.5000  1.451E+00  1.410E+00  1.264E+00  1.024E+00  7.077E-01  3.444E-01  3.064E-02  0.000E+00
  683.5000  1.447E+00  1.406E+00  1.260E+00  1.021E+00  7.058E-01  3.436E-01  3.059E-02  0.000E+00
  684.5000  1.417E+00  1.377E+00  1.235E+00  1.000E+00  6.915E-01  3.369E-01  3.002E-02  0.000E+00
  685.5000  1.436E+00  1.395E+00  1.251E+00  1.014E+00  7.010E-01  3.416E-01  3.048E-02  0.000E+00
  686.5000  1.439E+00  1.399E+00  1.254E+00  1.016E+00  7.028E-01  3.427E-01  3.062E-02  0.000E+00
  687.5000  1.447E+00  1.406E+00  1.261E+00  1.021E+00  7.066E-01  3.447E-01  3.085E-02  0.000E+00
  688.5000  1.424E+00  1.384E+00  1.241E+00  1.006E+00  6.959E-01  3.397E-01  3.046E-02  0.000E+00
  689.5000  1.438E+00  1.398E+00  1.254E+00  1.016E+00  7.032E-01  3.434E-01  3.084E-02  0.000E+00
  690.5000  1.427E+00  1.387E+00  1.244E+00  1.008E+00  6.980E-01  3.411E-01  3.069E-02  0.000E+00
  691.5000  1.414E+00  1.374E+00  1.232E+00  9.991E-01  6.918E-01  3.382E-01  3.048E-02  0.000E+00
  692.5000  1.420E+00  1.380E+00  1.238E+00  1.003E+00  6.948E-01  3.399E-01  3.068E-02  0.000E+00
  693.5000  1.427E+00  1.387E+00  1.244E+00  1.009E+00  6.986E-01  3.419E-01  3.091E-02  0.000E+00
  694.5000  1.423E+00  1.382E+00  1.240E+00  1.006E+00  6.966E-01  3.411E-01  3.089E-02  0.000E+00
  695.5000  1.422E+00  1.382E+00  1.240E+00  1.006E+00  6.969E-01  3.414E-01  3.096E-02  0.000E+00
  696.5000  1.428E+00  1.388E+00  1.245E+00  1.010E+00  6.999E-01  3.431E-01  3.116E-02  0.000E+00
  697.5000  1.416E+00  1.376E+00  1.235E+00  1.001E+00  6.942E-01  3.405E-01  3.097E-02  0.000E+00
  698.5000  1.407E+00  1.367E+00  1.227E+00  9.951E-01  6.899E-01  3.385E-01  3.083E-02  0.000E+00
  699.5000  1.428E+00  1.388E+00  1.245E+00  1.010E+00  7.005E-01  3.439E-01  3.136E-02  0.000E+00
  700.5000  1.388E+00  1.349E+00  1.210E+00  9.820E-01  6.811E-01  3.345E-01  3.054E-02  0.000E+00
  701.5000  1.382E+00  1.344E+00  1.206E+00  9.782E-01  6.785E-01  3.334E-01  3.047E-02  0.000E+00
  702.5000  1.393E+00  1.354E+00  1.214E+00  9.855E-01  6.837E-01  3.361E-01  3.074E-02  0.000E+00
  703.5000  1.394E+00  1.355E+00  1.216E+00  9.869E-01  6.848E-01  3.367E-01  3.082E-02  0.000E+00
  704.5000  1.402E+00  1.363E+00  1.223E+00  9.925E-01  6.888E-01  3.388E-01  3.103E-02  0.000E+00
  705.5000  1.401E+00  1.361E+00  1.222E+00  9.914E-01  6.881E-01  3.386E-01  3.103E-02  0.000E+00
  706.5000  1.391E+00  1.352E+00  1.213E+00  9.848E-01  6.836E-01  3.365E-01  3.085E-02  0.000E+00
  707.5000  1.388E+00  1.349E+00  1.211E+00  9.827E-01  6.822E-01  3.359E-01  3.080E-02  0.000E+00
  708.5000  1.374E+00  1.336E+00  1.199E+00  9.731E-01  6.757E-01  3.328E-01  3.053E-02  0.000E+00
  709.5000  1.369E+00  1.331E+00  1.195E+00  9.697E-01  6.734E-01  3.318E-01  3.044E-02  0.000E+00
  710.5000  1.384E+00  1.345E+00  1.207E+00  9.799E-01  6.806E-01  3.354E-01  3.079E-02  0.000E+00
  711.5000  1.364E+00  1.325E+00  1.189E+00  9.657E-01  6.708E-01  3.307E-01  3.036E-02  0.000E+00
  712.5000  1.356E+00  1.318E+00  1.183E+00  9.608E-01  6.674E-01  3.291E-01  3.021E-02  0.000E+00
  713.5000  1.355E+00  1.317E+00  1.182E+00  9.598E-01  6.668E-01  3.289E-01  3.019E-02  0.000E+00
  714.5000  1.358E+00  1.320E+00  1.185E+00  9.619E-01  6.684E-01  3.297E-01  3.026E-02  0.000E+00
  715.5000  1.345E+00  1.307E+00  1.174E+00  9.531E-01  6.622E-01  3.268E-01  2.999E-02  0.000E+00
  716.5000  1.331E+00  1.294E+00  1.161E+00  9.431E-01  6.554E-01  3.235E-01  2.970E-02  0.000E+00
  717.5000  1.360E+00  1.322E+00  1.186E+00  9.634E-01  6.696E-01  3.307E-01  3.037E-02  0.000E+00
  718.5000  1.316E+00  1.280E+00  1.149E+00  9.329E-01  6.486E-01  3.204E-01  2.945E-02  0.000E+00
  719.5000  1.323E+00  1.286E+00  1.155E+00  9.379E-01  6.521E-01  3.223E-01  2.966E-02  0.000E+00
  720.5000  1.316E+00  1.279E+00  1.149E+00  9.330E-01  6.488E-01  3.208E-01  2.956E-02  0.000E+00
  721.5000  1.334E+00  1.297E+00  1.164E+00  9.460E-01  6.580E-01  3.254E-01  3.002E-02  0.000E+00
  722.5000  1.312E+00  1.275E+00  1.145E+00  9.300E-01  6.470E-01  3.201E-01  2.955E-02  0.000E+00
  723.5000  1.330E+00  1.293E+00  1.161E+00  9.432E-01  6.562E-01  3.248E-01  3.000E-02  0.000E+00
  724.5000  1.325E+00  1.288E+00  1.157E+00  9.400E-01  6.540E-01  3.238E-01  2.993E-02  0.000E+00
  725.5000  1.318E+00  1.282E+00  1.151E+00  9.352E-01  6.508E-01  3.223E-01  2.980E-02  0.000E+00
  726.5000  1.313E+00  1.276E+00  1.146E+00  9.310E-01  6.480E-01  3.211E-01  2.970E-02  0.000E+00
  727.5000  1.319E+00  1.282E+00  1.151E+00  9.357E-01  6.513E-01  3.228E-01  2.988E-02  0.000E+00
  728.5000  1.295E+00  1.259E+00  1.130E+00  9.187E-01  6.396E-01  3.171E-01  2.937E-02  0.000E+00
  729.5000  1.268E+00  1.233E+00  1.107E+00  8.996E-01  6.264E-01  3.107E-01  2.879E-02  0.000E+00
  730.5000  1.303E+00  1.266E+00  1.137E+00  9.245E-01  6.437E-01  3.194E-01  2.961E-02  0.000E+00
  731.5000  1.293E+00  1.257E+00  1.129E+00  9.176E-01  6.390E-01  3.171E-01  2.941E-02  0.000E+00
  732.5000  1.285E+00  1.249E+00  1.122E+00  9.117E-01  6.350E-01  3.152E-01  2.924E-02  0.000E+00
  733.5000  1.297E+00  1.261E+00  1.133E+00  9.209E-01  6.415E-01  3.185E-01  2.955E-02  0.000E+00
  734.5000  1.301E+00  1.265E+00  1.136E+00  9.235E-01  6.433E-01  3.195E-01  2.964E-02  0.000E+00
  735.5000  1.275E+00  1.239E+00  1.113E+00  9.050E-01  6.305E-01  3.132E-01  2.905E-02  0.000E+00
  736.5000  1.281E+00  1.246E+00  1.119E+00  9.096E-01  6.338E-01  3.149E-01  2.920E-02  0.000E+00
  737.5000  1.284E+00  1.248E+00  1.121E+00  9.117E-01  6.353E-01  3.157E-01  2.927E-02  0.000E+00
  738.5000  1.260E+00  1.225E+00  1.100E+00  8.948E-01  6.236E-01  3.100E-01  2.873E-02  0.000E+00
  739.5000  1.256E+00  1.221E+00  1.097E+00  8.920E-01  6.217E-01  3.091E-01  2.863E-02  0.000E+00
  740.5000  1.263E+00  1.227E+00  1.102E+00  8.965E-01  6.248E-01  3.107E-01  2.877E-02  0.000E+00
  741.5000  1.229E+00  1.194E+00  1.073E+00  8.724E-01  6.081E-01  3.024E-01  2.799E-02  0.000E+00
  742.5000  1.248E+00  1.214E+00  1.090E+00  8.866E-01  6.180E-01  3.074E-01  2.843E-02  0.000E+00
  743.5000  1.274E+00  1.239E+00  1.113E+00  9.050E-01  6.309E-01  3.138E-01  2.900E-02  0.000E+00
  744.5000  1.245E+00  1.211E+00  1.087E+00  8.844E-01  6.166E-01  3.067E-01  2.832E-02  0.000E+00
  745.5000  1.276E+00  1.240E+00  1.114E+00  9.061E-01  6.317E-01  3.143E-01  2.900E-02  0.000E+00
  746.5000  1.260E+00  1.225E+00  1.100E+00  8.949E-01  6.239E-01  3.105E-01  2.862E-02  0.000E+00
  747.5000  1.267E+00  1.232E+00  1.107E+00  9.000E-01  6.275E-01  3.123E-01  2.878E-02  0.000E+00
  748.5000  1.268E+00  1.232E+00  1.107E+00  9.004E-01  6.278E-01  3.125E-01  2.880E-02  0.000E+00
  749.5000  1.240E+00  1.206E+00  1.083E+00  8.809E-01  6.143E-01  3.059E-01  2.820E-02  0.000E+00
  750.5000  1.256E+00  1.221E+00  1.097E+00  8.925E-01  6.225E-01  3.101E-01  2.860E-02  0.000E+00
  751.5000  1.239E+00  1.205E+00  1.082E+00  8.805E-01  6.142E-01  3.060E-01  2.826E-02  0.000E+00
  752.5000  1.243E+00  1.209E+00  1.086E+00  8.834E-01  6.163E-01  3.072E-01  2.841E-02  0.000E+00
  753.5000  1.245E+00  1.210E+00  1.087E+00  8.846E-01  6.172E-01  3.078E-01  2.849E-02  0.000E+00
  754.5000  1.247E+00  1.212E+00  1.089E+00  8.861E-01  6.184E-01  3.085E-01  2.858E-02  0.000E+00
  755.5000  1.237E+00  1.203E+00  1.081E+00  8.794E-01  6.138E-01  3.063E-01  2.840E-02  0.000E+00
  756.5000  1.240E+00  1.205E+00  1.083E+00  8.813E-01  6.152E-01  3.071E-01  2.849E-02  0.000E+00
  757.5000  1.228E+00  1.194E+00  1.073E+00  8.731E-01  6.096E-01  3.044E-01  2.825E-02  0.000E+00
  758.5000  1.216E+00  1.183E+00  1.063E+00  8.648E-01  6.038E-01  3.016E-01  2.800E-02  0.000E+00
  759.5000  1.236E+00  1.202E+00  1.080E+00  8.792E-01  6.139E-01  3.067E-01  2.848E-02  0.000E+00
  760.5000  1.221E+00  1.187E+00  1.066E+00  8.680E-01  6.062E-01  3.029E-01  2.813E-02  0.000E+00
  761.5000  1.216E+00  1.182E+00  1.062E+00  8.646E-01  6.038E-01  3.018E-01  2.803E-02  0.000E+00
