  250.000  0.000000e+00 
  251.000  0.000000e+00 
  252.000  0.000000e+00 
  253.000  0.000000e+00 
  254.000  0.000000e+00 
  255.000  0.000000e+00 
  256.000  0.000000e+00 
  257.000  0.000000e+00 
  258.000  0.000000e+00 
  259.000  0.000000e+00 
  260.000  0.000000e+00 
  261.000  0.000000e+00 
  262.000  0.000000e+00 
  263.000  0.000000e+00 
  264.000  0.000000e+00 
  265.000  0.000000e+00 
  266.000  0.000000e+00 
  267.000  0.000000e+00 
  268.000  0.000000e+00 
  269.000  0.000000e+00 
  270.000  0.000000e+00 
  271.000  0.000000e+00 
  272.000  0.000000e+00 
  273.000  0.000000e+00 
  274.000  0.000000e+00 
  275.000  0.000000e+00 
  276.000  0.000000e+00 
  277.000  0.000000e+00 
  278.000  0.000000e+00 
  279.000  0.000000e+00 
  280.000  0.000000e+00 
  281.000  0.000000e+00 
  282.000  0.000000e+00 
  283.000  0.000000e+00 
  284.000  0.000000e+00 
  285.000  0.000000e+00 
  286.000  0.000000e+00 
  287.000  0.000000e+00 
  288.000  0.000000e+00 
  289.000  0.000000e+00 
  290.000  0.000000e+00 
  291.000  2.099359e-03 
  292.000  1.273610e-02 
  293.000  2.630109e-02 
  294.000  1.008596e-01 
  295.000  2.052492e-01 
  296.000  7.868341e-01 
  297.000  8.397129e-01 
  298.000  3.167318e+00 
  299.000  5.015188e+00 
  300.000  7.359962e+00 
  301.000  1.734663e+01 
  302.000  1.740387e+01 
  303.000  3.964067e+01 
  304.000  4.324697e+01 
  305.000  7.005066e+01 
  306.000  7.325390e+01 
  307.000  1.006176e+02 
  308.000  1.244667e+02 
  309.000  1.288449e+02 
  310.000  1.333317e+02 
  311.000  2.525975e+02 
  312.000  2.078818e+02 
  313.000  2.588635e+02 
  314.000  2.648079e+02 
  315.000  3.058598e+02 
  316.000  2.380371e+02 
  317.000  3.409245e+02 
  318.000  3.298842e+02 
  319.000  3.595010e+02 
  320.000  3.612237e+02 
  321.000  4.252059e+02 
  322.000  3.866457e+02 
  323.000  3.329302e+02 
  324.000  4.133164e+02 
  325.000  4.714206e+02 
  326.000  6.376974e+02 
  327.000  6.458251e+02 
  328.000  5.483917e+02 
  329.000  6.368761e+02 
  330.000  6.706499e+02 
  331.000  5.544840e+02 
  332.000  6.056512e+02 
  333.000  6.892003e+02 
  334.000  5.844119e+02 
  335.000  6.274960e+02 
  336.000  4.739424e+02 
  337.000  4.581660e+02 
  338.000  5.610239e+02 
  339.000  5.668225e+02 
  340.000  6.436203e+02 
  341.000  5.451343e+02 
  342.000  5.742403e+02 
  343.000  5.802276e+02 
  344.000  5.287146e+02 
  345.000  6.824167e+02 
  346.000  7.609877e+02 
  347.000  7.279089e+02 
  348.000  6.890509e+02 
  349.000  7.591463e+02 
  350.000  7.799771e+02 
  351.000  7.442687e+02 
  352.000  7.667299e+02 
  353.000  7.025314e+02 
  354.000  8.147766e+02 
  355.000  8.294532e+02 
  356.000  7.876358e+02 
  357.000  5.054959e+02 
  358.000  5.513048e+02 
  359.000  5.567765e+02 
  360.000  8.295611e+02 
  361.000  6.612233e+02 
  362.000  7.294942e+02 
  363.000  7.799200e+02 
  364.000  7.820762e+02 
  365.000  7.355506e+02 
  366.000  1.013832e+03 
  367.000  9.109277e+02 
  368.000  8.625257e+02 
  369.000  8.329608e+02 
  370.000  9.617412e+02 
  371.000  7.710554e+02 
  372.000  8.146871e+02 
  373.000  8.148029e+02 
  374.000  6.331540e+02 
  375.000  5.817681e+02 
  376.000  8.345552e+02 
  377.000  8.559482e+02 
  378.000  1.109081e+03 
  379.000  8.552920e+02 
  380.000  8.026341e+02 
  381.000  9.030812e+02 
  382.000  6.762989e+02 
  383.000  4.721326e+02 
  384.000  5.201132e+02 
  385.000  7.831161e+02 
  386.000  6.080107e+02 
  387.000  6.978386e+02 
  388.000  6.909404e+02 
  389.000  7.867464e+02 
  390.000  9.530459e+02 
  391.000  1.065109e+03 
  392.000  9.455243e+02 
  393.000  5.063235e+02 
  394.000  5.596272e+02 
  395.000  9.382447e+02 
  396.000  9.644877e+02 
  397.000  3.920257e+02 
  398.000  1.095358e+03 
  399.000  1.311589e+03 
  400.000  1.286770e+03 
  401.000  1.276245e+03 
  402.000  1.349664e+03 
  403.000  1.261376e+03 
  404.000  1.352582e+03 
  405.000  1.237728e+03 
  406.000  1.225754e+03 
  407.000  1.191263e+03 
  408.000  1.287802e+03 
  409.000  1.422407e+03 
  410.000  1.186668e+03 
  411.000  1.390531e+03 
  412.000  1.437749e+03 
  413.000  1.355291e+03 
  414.000  1.327409e+03 
  415.000  1.412709e+03 
  416.000  1.401115e+03 
  417.000  1.355619e+03 
  418.000  1.323355e+03 
  419.000  1.353001e+03 
  420.000  1.142858e+03 
  421.000  1.428966e+03 
  422.000  1.366480e+03 
  423.000  1.151768e+03 
  424.000  1.264375e+03 
  425.000  1.306932e+03 
  426.000  1.253882e+03 
  427.000  1.203773e+03 
  428.000  1.216607e+03 
  429.000  1.104750e+03 
  430.000  8.799248e+02 
  431.000  7.896681e+02 
  432.000  1.418810e+03 
  433.000  1.260655e+03 
  434.000  1.196050e+03 
  435.000  1.298964e+03 
  436.000  1.437825e+03 
  437.000  1.449172e+03 
  438.000  1.295916e+03 
  439.000  1.251888e+03 
  440.000  1.400740e+03 
  441.000  1.393856e+03 
  442.000  1.465570e+03 
  443.000  1.472939e+03 
  444.000  1.460981e+03 
  445.000  1.534289e+03 
  446.000  1.363530e+03 
  447.000  1.552682e+03 
  448.000  1.576150e+03 
  449.000  1.584530e+03 
  450.000  1.616684e+03 
  451.000  1.744596e+03 
  452.000  1.619423e+03 
  453.000  1.501049e+03 
  454.000  1.597999e+03 
  455.000  1.606880e+03 
  456.000  1.643532e+03 
  457.000  1.650480e+03 
  458.000  1.619258e+03 
  459.000  1.616878e+03 
  460.000  1.600669e+03 
  461.000  1.656515e+03 
  462.000  1.627398e+03 
  463.000  1.625676e+03 
  464.000  1.628667e+03 
  465.000  1.602562e+03 
  466.000  1.650927e+03 
  467.000  1.590337e+03 
  468.000  1.681175e+03 
  469.000  1.664012e+03 
  470.000  1.638650e+03 
  471.000  1.633192e+03 
  472.000  1.650597e+03 
  473.000  1.630104e+03 
  474.000  1.640606e+03 
  475.000  1.703930e+03 
  476.000  1.648410e+03 
  477.000  1.630440e+03 
  478.000  1.709048e+03 
  479.000  1.630017e+03 
  480.000  1.660749e+03 
  481.000  1.649078e+03 
  482.000  1.681784e+03 
  483.000  1.681623e+03 
  484.000  1.615006e+03 
  485.000  1.624900e+03 
  486.000  1.315780e+03 
  487.000  1.476952e+03 
  488.000  1.601583e+03 
  489.000  1.486899e+03 
  490.000  1.690607e+03 
  491.000  1.580148e+03 
  492.000  1.516755e+03 
  493.000  1.631726e+03 
  494.000  1.574583e+03 
  495.000  1.681378e+03 
  496.000  1.635973e+03 
  497.000  1.585498e+03 
  498.000  1.546614e+03 
  499.000  1.541469e+03 
  500.000  1.533294e+03 
  501.000  1.497584e+03 
  502.000  1.486463e+03 
  503.000  1.573706e+03 
  504.000  1.462909e+03 
  505.000  1.576527e+03 
  506.000  1.685962e+03 
  507.000  1.567016e+03 
  508.000  1.501222e+03 
  509.000  1.617152e+03 
  510.000  1.565311e+03 
  511.000  1.564184e+03 
  512.000  1.640051e+03 
  513.000  1.499525e+03 
  514.000  1.466605e+03 
  515.000  1.495782e+03 
  516.000  1.569716e+03 
  517.000  1.155263e+03 
  518.000  1.429005e+03 
  519.000  1.352651e+03 
  520.000  1.487925e+03 
  521.000  1.487448e+03 
  522.000  1.545128e+03 
  523.000  1.438113e+03 
  524.000  1.558937e+03 
  525.000  1.545125e+03 
  526.000  1.471268e+03 
  527.000  1.284179e+03 
  528.000  1.541075e+03 
  529.000  1.583580e+03 
  530.000  1.495183e+03 
  531.000  1.626255e+03 
  532.000  1.550268e+03 
  533.000  1.360515e+03 
  534.000  1.478301e+03 
  535.000  1.507142e+03 
  536.000  1.598019e+03 
  537.000  1.481452e+03 
  538.000  1.549597e+03 
  539.000  1.543326e+03 
  540.000  1.509227e+03 
  541.000  1.382926e+03 
  542.000  1.541547e+03 
  543.000  1.473510e+03 
  544.000  1.553146e+03 
  545.000  1.529050e+03 
  546.000  1.494119e+03 
  547.000  1.556648e+03 
  548.000  1.443462e+03 
  549.000  1.518242e+03 
  550.000  1.484261e+03 
  551.000  1.474575e+03 
  552.000  1.537752e+03 
  553.000  1.477139e+03 
  554.000  1.525032e+03 
  555.000  1.528971e+03 
  556.000  1.486507e+03 
  557.000  1.442086e+03 
  558.000  1.496548e+03 
  559.000  1.414259e+03 
  560.000  1.420136e+03 
  561.000  1.560390e+03 
  562.000  1.431468e+03 
  563.000  1.497149e+03 
  564.000  1.475481e+03 
  565.000  1.492077e+03 
  566.000  1.375253e+03 
  567.000  1.473041e+03 
  568.000  1.461515e+03 
  569.000  1.416211e+03 
  570.000  1.425891e+03 
  571.000  1.386337e+03 
  572.000  1.453906e+03 
  573.000  1.472205e+03 
  574.000  1.464834e+03 
  575.000  1.427985e+03 
  576.000  1.401523e+03 
  577.000  1.462514e+03 
  578.000  1.423872e+03 
  579.000  1.415786e+03 
  580.000  1.466435e+03 
  581.000  1.443476e+03 
  582.000  1.466845e+03 
  583.000  1.477342e+03 
  584.000  1.472816e+03 
  585.000  1.462883e+03 
  586.000  1.399886e+03 
  587.000  1.448817e+03 
  588.000  1.411537e+03 
  589.000  1.221987e+03 
  590.000  1.273772e+03 
  591.000  1.374888e+03 
  592.000  1.337072e+03 
  593.000  1.375375e+03 
  594.000  1.382236e+03 
  595.000  1.338582e+03 
  596.000  1.396714e+03 
  597.000  1.395854e+03 
  598.000  1.377680e+03 
  599.000  1.382566e+03 
  600.000  1.392493e+03 
  601.000  1.391267e+03 
  602.000  1.378582e+03 
  603.000  1.389170e+03 
  604.000  1.434827e+03 
  605.000  1.431904e+03 
  606.000  1.415419e+03 
  607.000  1.407562e+03 
  608.000  1.402404e+03 
  609.000  1.387977e+03 
  610.000  1.365683e+03 
  611.000  1.387722e+03 
  612.000  1.369521e+03 
  613.000  1.349363e+03 
  614.000  1.300482e+03 
  615.000  1.362598e+03 
  616.000  1.295378e+03 
  617.000  1.302465e+03 
  618.000  1.363612e+03 
  619.000  1.350764e+03 
  620.000  1.370326e+03 
  621.000  1.393422e+03 
  622.000  1.319378e+03 
  623.000  1.329032e+03 
  624.000  1.329828e+03 
  625.000  1.293118e+03 
  626.000  1.298033e+03 
  627.000  1.311693e+03 
  628.000  1.278163e+03 
  629.000  1.316757e+03 
  630.000  1.279150e+03 
  631.000  1.328984e+03 
  632.000  1.231849e+03 
  633.000  1.330219e+03 
  634.000  1.292776e+03 
  635.000  1.316140e+03 
  636.000  1.271025e+03 
  637.000  1.313851e+03 
  638.000  1.338040e+03 
  639.000  1.327014e+03 
  640.000  1.287113e+03 
  641.000  1.305487e+03 
  642.000  1.291025e+03 
  643.000  1.310764e+03 
  644.000  1.295568e+03 
  645.000  1.302799e+03 
  646.000  1.237312e+03 
  647.000  1.243217e+03 
  648.000  1.228858e+03 
  649.000  1.263352e+03 
  650.000  1.189272e+03 
  651.000  1.280784e+03 
  652.000  1.238332e+03 
  653.000  1.283583e+03 
  654.000  1.264302e+03 
  655.000  1.223499e+03 
  656.000  1.040686e+03 
  657.000  1.114068e+03 
  658.000  1.247544e+03 
  659.000  1.254332e+03 
  660.000  1.265707e+03 
  661.000  1.276262e+03 
  662.000  1.296708e+03 
  663.000  1.281593e+03 
  664.000  1.261836e+03 
  665.000  1.267845e+03 
  666.000  1.283845e+03 
  667.000  1.258796e+03 
  668.000  1.266570e+03 
  669.000  1.284966e+03 
  670.000  1.269661e+03 
  671.000  1.256343e+03 
  672.000  1.252276e+03 
  673.000  1.261256e+03 
  674.000  1.263707e+03 
  675.000  1.244408e+03 
  676.000  1.267882e+03 
  677.000  1.242658e+03 
  678.000  1.263210e+03 
  679.000  1.245206e+03 
  680.000  1.234874e+03 
  681.000  1.235312e+03 
  682.000  1.232284e+03 
  683.000  1.239901e+03 
  684.000  1.215948e+03 
  685.000  1.230478e+03 
  686.000  1.173896e+03 
  687.000  1.026122e+03 
  688.000  1.073788e+03 
  689.000  1.061791e+03 
  690.000  1.091447e+03 
  691.000  1.124420e+03 
  692.000  1.128565e+03 
  693.000  1.105964e+03 
  694.000  1.086692e+03 
  695.000  1.085789e+03 
  696.000  1.109490e+03 
  697.000  1.165040e+03 
  698.000  1.131491e+03 
  699.000  1.103233e+03 
  700.000  1.097699e+03 
  701.000  1.062246e+03 
  702.000  1.064271e+03 
  703.000  1.118512e+03 
  704.000  1.123114e+03 
  705.000  1.114791e+03 
  706.000  1.105860e+03 
  707.000  1.094664e+03 
  708.000  1.132577e+03 
  709.000  1.104736e+03 
  710.000  1.116043e+03 
  711.000  1.118430e+03 
  712.000  1.114362e+03 
  713.000  1.099690e+03 
  714.000  1.114587e+03 
  715.000  1.059803e+03 
  716.000  1.070356e+03 
  717.000  9.416919e+02 
  718.000  8.761171e+02 
  719.000  8.444433e+02 
  720.000  8.193416e+02 
  721.000  9.573217e+02 
  722.000  1.022934e+03 
  723.000  9.905988e+02 
  724.000  9.132374e+02 
  725.000  9.145982e+02 
  726.000  9.089724e+02 
  727.000  9.338050e+02 
  728.000  9.052069e+02 
  729.000  8.987895e+02 
  730.000  9.265947e+02 
  731.000  9.049406e+02 
  732.000  9.744138e+02 
  733.000  1.010175e+03 
  734.000  1.056166e+03 
  735.000  1.038698e+03 
  736.000  1.003204e+03 
  737.000  1.028440e+03 
  738.000  1.042267e+03 
  739.000  1.015391e+03 
  740.000  1.040662e+03 
  741.000  1.041348e+03 
  742.000  1.027799e+03 
  743.000  1.066443e+03 
  744.000  1.080129e+03 
  745.000  1.054771e+03 
  746.000  1.071571e+03 
  747.000  1.088498e+03 
  748.000  1.070092e+03 
  749.000  1.070970e+03 
  750.000  1.054413e+03 
  751.000  1.051735e+03 
  752.000  1.069223e+03 
  753.000  1.059502e+03 
  754.000  1.076319e+03 
  755.000  1.070176e+03 
  756.000  1.049276e+03 
  757.000  1.056927e+03 
  758.000  1.054040e+03 
  759.000  9.467254e+02 
  760.000  3.516553e+02 
  761.000  3.026541e+02 
  762.000  6.096711e+02 
  763.000  5.214895e+02 
  764.000  5.744995e+02 
  765.000  6.975704e+02 
  766.000  8.047980e+02 
  767.000  8.878168e+02 
  768.000  9.709758e+02 
  769.000  9.988924e+02 
  770.000  1.008507e+03 
  771.000  1.016855e+03 
  772.000  1.014571e+03 
  773.000  1.011097e+03 
  774.000  1.022511e+03 
  775.000  9.844175e+02 
  776.000  1.025202e+03 
  777.000  1.018044e+03 
  778.000  1.012411e+03 
  779.000  1.015539e+03 
  780.000  1.002814e+03 
  781.000  1.001629e+03 
  782.000  1.013522e+03 
  783.000  9.896822e+02 
  784.000  9.946720e+02 
  785.000  9.944200e+02 
  786.000  9.728089e+02 
  787.000  9.776331e+02 
  788.000  9.578985e+02 
  789.000  9.457292e+02 
  790.000  9.344973e+02 
  791.000  9.328577e+02 
  792.000  9.210117e+02 
  793.000  9.270425e+02 
  794.000  9.321645e+02 
  795.000  9.179957e+02 
  796.000  9.093652e+02 
  797.000  9.218995e+02 
  798.000  9.376880e+02 
  799.000  9.333260e+02 
  800.000  8.980648e+02 
  801.000  9.159681e+02 
  802.000  9.129923e+02 
  803.000  9.014268e+02 
  804.000  9.147109e+02 
  805.000  8.993390e+02 
  806.000  9.296165e+02 
  807.000  9.242400e+02 
  808.000  9.150840e+02 
  809.000  8.953645e+02 
  810.000  8.866690e+02 
  811.000  8.912646e+02 
  812.000  8.752916e+02 
  813.000  8.558218e+02 
  814.000  8.339070e+02 
  815.000  7.994172e+02 
  816.000  7.604498e+02 
  817.000  7.665254e+02 
  818.000  7.642957e+02 
  819.000  7.539744e+02 
  820.000  7.734347e+02 
  821.000  8.399422e+02 
  822.000  7.858825e+02 
  823.000  7.129732e+02 
  824.000  7.949485e+02 
  825.000  8.404998e+02 
  826.000  8.378854e+02 
  827.000  8.291055e+02 
  828.000  7.966091e+02 
  829.000  8.070901e+02 
  830.000  8.064306e+02 
  831.000  7.950775e+02 
  832.000  8.127124e+02 
  833.000  7.942475e+02 
  834.000  8.141268e+02 
  835.000  8.314180e+02 
  836.000  8.360187e+02 
  837.000  8.285726e+02 
  838.000  8.390771e+02 
  839.000  8.172628e+02 
  840.000  8.407132e+02 
  841.000  8.380924e+02 
  842.000  8.370372e+02 
  843.000  8.411576e+02 
  844.000  8.315846e+02 
  845.000  8.462208e+02 
  846.000  8.558522e+02 
  847.000  8.284790e+02 
  848.000  8.490529e+02 
  849.000  8.510092e+02 
  850.000  7.340995e+02 
  851.000  8.387401e+02 
  852.000  8.070704e+02 
  853.000  8.198157e+02 
  854.000  6.589033e+02 
  855.000  7.268056e+02 
  856.000  8.281042e+02 
  857.000  8.427187e+02 
  858.000  8.299119e+02 
  859.000  8.313161e+02 
  860.000  8.245595e+02 
  861.000  8.245165e+02 
  862.000  8.221293e+02 
  863.000  8.378460e+02 
  864.000  8.363885e+02 
  865.000  8.209710e+02 
  866.000  6.886404e+02 
  867.000  7.332459e+02 
  868.000  7.952120e+02 
  869.000  7.840796e+02 
  870.000  8.163215e+02 
  871.000  8.151864e+02 
  872.000  8.120298e+02 
  873.000  8.150707e+02 
  874.000  7.970715e+02 
  875.000  7.896733e+02 
  876.000  7.959530e+02 
  877.000  8.116395e+02 
  878.000  7.967841e+02 
  879.000  7.985125e+02 
  880.000  7.931009e+02 
  881.000  7.514148e+02 
  882.000  7.924811e+02 
  883.000  7.747370e+02 
  884.000  7.813949e+02 
  885.000  7.878513e+02 
  886.000  7.599411e+02 
  887.000  7.536952e+02 
  888.000  7.761000e+02 
  889.000  7.817040e+02 
  890.000  7.778021e+02 
  891.000  7.707200e+02 
  892.000  7.613020e+02 
  893.000  7.118694e+02 
  894.000  7.247040e+02 
  895.000  6.566949e+02 
  896.000  6.490115e+02 
  897.000  6.000140e+02 
  898.000  5.852945e+02 
  899.000  5.423787e+02 
  900.000  5.344297e+02 
  901.000  5.127211e+02 
  902.000  5.053873e+02 
  903.000  6.032031e+02 
  904.000  6.572070e+02 
  905.000  6.539716e+02 
  906.000  6.088423e+02 
  907.000  5.704844e+02 
  908.000  5.246864e+02 
  909.000  5.168100e+02 
  910.000  5.273789e+02 
  911.000  5.457644e+02 
  912.000  5.372510e+02 
  913.000  5.078049e+02 
  914.000  5.250190e+02 
  915.000  5.319401e+02 
  916.000  5.430460e+02 
  917.000  5.435665e+02 
  918.000  5.524422e+02 
  919.000  6.002425e+02 
  920.000  6.258014e+02 
  921.000  6.054958e+02 
  922.000  5.995145e+02 
  923.000  5.662596e+02 
  924.000  5.700912e+02 
  925.000  5.756195e+02 
  926.000  5.536253e+02 
  927.000  5.500764e+02 
  928.000  5.171126e+02 
  929.000  4.601244e+02 
  930.000  3.995102e+02 
  931.000  3.377498e+02 
  932.000  2.601213e+02 
  933.000  2.124800e+02 
  934.000  1.668517e+02 
  935.000  1.596722e+02 
  936.000  1.740625e+02 
  937.000  1.742674e+02 
  938.000  2.226078e+02 
  939.000  3.788258e+02 
  940.000  4.031910e+02 
  941.000  3.727841e+02 
  942.000  3.096545e+02 
  943.000  2.479063e+02 
  944.000  2.357756e+02 
  945.000  2.638938e+02 
  946.000  2.693914e+02 
  947.000  2.932829e+02 
  948.000  3.104800e+02 
  949.000  3.100002e+02 
  950.000  3.120879e+02 
  951.000  3.453724e+02 
  952.000  3.088639e+02 
  953.000  3.344382e+02 
  954.000  3.604277e+02 
  955.000  3.156635e+02 
  956.000  3.327623e+02 
  957.000  4.075030e+02 
  958.000  4.215819e+02 
  959.000  4.107126e+02 
  960.000  4.035627e+02 
  961.000  3.932347e+02 
  962.000  4.013564e+02 
  963.000  4.440205e+02 
  964.000  4.455452e+02 
  965.000  4.471061e+02 
  966.000  4.368802e+02 
  967.000  4.824579e+02 
  968.000  5.329239e+02 
  969.000  5.624975e+02 
  970.000  5.656092e+02 
  971.000  5.599819e+02 
  972.000  5.563963e+02 
  973.000  5.342811e+02 
  974.000  5.060984e+02 
  975.000  4.959034e+02 
  976.000  5.176635e+02 
  977.000  5.303442e+02 
  978.000  5.414194e+02 
  979.000  5.326051e+02 
  980.000  5.673810e+02 
  981.000  5.775763e+02 
  982.000  5.702997e+02 
  983.000  5.831007e+02 
  984.000  5.939922e+02 
  985.000  6.022023e+02 
  986.000  6.082220e+02 
  987.000  6.199893e+02 
  988.000  6.134520e+02 
  989.000  6.063515e+02 
  990.000  6.126539e+02 
  991.000  6.217293e+02 
  992.000  6.171130e+02 
  993.000  6.174944e+02 
  994.000  6.242295e+02 
  995.000  6.220976e+02 
  996.000  6.219144e+02 
  997.000  6.209560e+02 
  998.000  6.167957e+02 
  999.000  6.145949e+02 
 1000.000  6.101448e+02 
 1001.000  6.097854e+02 
 1002.000  6.029668e+02 
 1003.000  5.972867e+02 
 1004.000  5.956007e+02 
 1005.000  5.576989e+02 
 1006.000  5.874315e+02 
 1007.000  5.969983e+02 
 1008.000  5.947793e+02 
 1009.000  5.849002e+02 
 1010.000  5.898496e+02 
 1011.000  5.932636e+02 
 1012.000  5.959826e+02 
 1013.000  5.935990e+02 
 1014.000  5.981734e+02 
 1015.000  5.872653e+02 
 1016.000  5.918881e+02 
 1017.000  5.865332e+02 
 1018.000  5.930646e+02 
 1019.000  5.774102e+02 
 1020.000  5.769202e+02 
 1021.000  5.841266e+02 
 1022.000  5.728522e+02 
 1023.000  5.816826e+02 
 1024.000  5.774223e+02 
 1025.000  5.811144e+02 
 1026.000  5.834626e+02 
 1027.000  5.792638e+02 
 1028.000  5.811872e+02 
 1029.000  5.739701e+02 
 1030.000  5.812536e+02 
 1031.000  5.801991e+02 
 1032.000  5.787699e+02 
 1033.000  5.682673e+02 
 1034.000  5.746168e+02 
 1035.000  5.686760e+02 
 1036.000  5.760428e+02 
 1037.000  5.639694e+02 
 1038.000  5.695974e+02 
 1039.000  5.717574e+02 
 1040.000  5.648646e+02 
 1041.000  5.677305e+02 
 1042.000  5.693443e+02 
 1043.000  5.594916e+02 
 1044.000  5.649415e+02 
 1045.000  5.622680e+02 
 1046.000  5.457290e+02 
 1047.000  5.555624e+02 
 1048.000  5.609558e+02 
 1049.000  5.572383e+02 
 1050.000  5.536194e+02 
 1051.000  5.532012e+02 
 1052.000  5.503477e+02 
 1053.000  5.505511e+02 
 1054.000  5.444514e+02 
 1055.000  5.480174e+02 
 1056.000  5.462366e+02 
 1057.000  5.443915e+02 
 1058.000  5.370125e+02 
 1059.000  5.202810e+02 
 1060.000  5.399523e+02 
 1061.000  5.208573e+02 
 1062.000  5.343189e+02 
 1063.000  5.249992e+02 
 1064.000  5.309820e+02 
 1065.000  5.290656e+02 
 1066.000  5.129143e+02 
 1067.000  5.245003e+02 
 1068.000  5.199631e+02 
 1069.000  4.793693e+02 
 1070.000  5.079711e+02 
 1071.000  5.071263e+02 
 1072.000  5.069844e+02 
 1073.000  4.898763e+02 
 1074.000  5.071981e+02 
 1075.000  4.937033e+02 
 1076.000  5.028852e+02 
 1077.000  4.996691e+02 
 1078.000  4.986440e+02 
 1079.000  4.789108e+02 
 1080.000  4.866605e+02 
 1081.000  4.683928e+02 
 1082.000  4.770302e+02 
 1083.000  4.608597e+02 
 1084.000  4.746946e+02 
 1085.000  4.597380e+02 
 1086.000  4.677031e+02 
 1087.000  4.480125e+02 
 1088.000  4.755772e+02 
 1089.000  4.459944e+02 
 1090.000  4.534225e+02 
 1091.000  4.584818e+02 
 1092.000  4.420787e+02 
 1093.000  4.240441e+02 
 1094.000  3.809120e+02 
 1095.000  4.130674e+02 
 1096.000  4.119982e+02 
 1097.000  4.038594e+02 
 1098.000  3.683011e+02 
 1099.000  3.427069e+02 
 1100.000  3.502282e+02 
 1101.000  3.530554e+02 
 1102.000  3.364781e+02 
 1103.000  3.520402e+02 
 1104.000  3.448640e+02 
 1105.000  3.330688e+02 
 1106.000  3.193412e+02 
 1107.000  3.212633e+02 
 1108.000  3.216724e+02 
 1109.000  3.317859e+02 
 1110.000  3.313269e+02 
 1111.000  3.213590e+02 
 1112.000  2.944002e+02 
 1113.000  2.613153e+02 
 1114.000  2.541840e+02 
 1115.000  2.149463e+02 
 1116.000  1.913205e+02 
 1117.000  1.498814e+02 
 1118.000  1.127736e+02 
 1119.000  9.242134e+01 
 1120.000  7.391242e+01 
 1121.000  7.033818e+01 
 1122.000  5.388605e+01 
 1123.000  6.201484e+01 
 1124.000  6.779519e+01 
 1125.000  6.328180e+01 
 1126.000  6.097847e+01 
 1127.000  6.467191e+01 
 1128.000  6.658359e+01 
 1129.000  8.437256e+01 
 1130.000  1.309726e+02 
 1131.000  1.477272e+02 
 1132.000  1.268529e+02 
 1133.000  9.067796e+01 
 1134.000  4.269388e+01 
 1135.000  4.638780e+01 
 1136.000  9.651472e+01 
 1137.000  1.329340e+02 
 1138.000  1.665861e+02 
 1139.000  1.848891e+02 
 1140.000  1.774581e+02 
 1141.000  1.578628e+02 
 1142.000  1.566307e+02 
 1143.000  1.375598e+02 
 1144.000  1.197231e+02 
 1145.000  9.763176e+01 
 1146.000  1.039334e+02 
 1147.000  1.228526e+02 
 1148.000  1.391079e+02 
 1149.000  1.472650e+02 
 1150.000  1.479650e+02 
 1151.000  1.598172e+02 
 1152.000  1.656935e+02 
 1153.000  1.744195e+02 
 1154.000  1.738157e+02 
 1155.000  1.926639e+02 
 1156.000  2.099584e+02 
 1157.000  2.551235e+02 
 1158.000  2.750460e+02 
 1159.000  2.886939e+02 
 1160.000  2.924735e+02 
 1161.000  3.037710e+02 
 1162.000  3.288578e+02 
 1163.000  3.474204e+02 
 1164.000  3.441805e+02 
 1165.000  3.527189e+02 
 1166.000  3.474233e+02 
 1167.000  3.554986e+02 
 1168.000  3.577570e+02 
 1169.000  3.478654e+02 
 1170.000  3.595324e+02 
 1171.000  3.672548e+02 
 1172.000  3.625570e+02 
 1173.000  3.566570e+02 
 1174.000  3.570376e+02 
 1175.000  3.620879e+02 
 1176.000  3.617218e+02 
 1177.000  3.687746e+02 
 1178.000  3.543444e+02 
 1179.000  3.527914e+02 
 1180.000  3.547218e+02 
 1181.000  3.453955e+02 
 1182.000  3.384367e+02 
 1183.000  3.195574e+02 
 1184.000  3.382016e+02 
 1185.000  3.531851e+02 
 1186.000  3.479711e+02 
 1187.000  3.375467e+02 
 1188.000  3.334808e+02 
 1189.000  3.201871e+02 
 1190.000  3.525784e+02 
 1191.000  3.632032e+02 
 1192.000  3.685863e+02 
 1193.000  3.671423e+02 
 1194.000  3.653740e+02 
 1195.000  3.541649e+02 
 1196.000  3.549073e+02 
 1197.000  3.513729e+02 
 1198.000  3.387911e+02 
 1199.000  3.222172e+02 
 1200.000  3.449997e+02 
 1201.000  3.484109e+02 
 1202.000  3.500766e+02 
 1203.000  3.311592e+02 
 1204.000  3.383369e+02 
 1205.000  3.577919e+02 
 1206.000  3.609510e+02 
 1207.000  3.655351e+02 
 1208.000  3.584922e+02 
 1209.000  3.334393e+02 
 1210.000  3.520756e+02 
 1211.000  3.396081e+02 
 1212.000  3.513769e+02 
 1213.000  3.572979e+02 
 1214.000  3.549435e+02 
 1215.000  3.577890e+02 
 1216.000  3.635698e+02 
 1217.000  3.687283e+02 
 1218.000  3.700563e+02 
 1219.000  3.680628e+02 
 1220.000  3.706541e+02 
 1221.000  3.705601e+02 
 1222.000  3.687575e+02 
 1223.000  3.675641e+02 
 1224.000  3.739312e+02 
 1225.000  3.726049e+02 
 1226.000  3.749881e+02 
 1227.000  3.639758e+02 
 1228.000  3.775207e+02 
 1229.000  3.787659e+02 
 1230.000  3.793334e+02 
 1231.000  3.803835e+02 
 1232.000  3.764988e+02 
 1233.000  3.797596e+02 
 1234.000  3.809692e+02 
 1235.000  3.791317e+02 
 1236.000  3.819905e+02 
 1237.000  3.827300e+02 
 1238.000  3.827945e+02 
 1239.000  3.785825e+02 
 1240.000  3.768957e+02 
 1241.000  3.800018e+02 
 1242.000  3.774839e+02 
 1243.000  3.730318e+02 
 1244.000  3.691129e+02 
 1245.000  3.750988e+02 
 1246.000  3.717850e+02 
 1247.000  3.693570e+02 
 1248.000  3.718333e+02 
 1249.000  3.702126e+02 
 1250.000  3.683047e+02 
 1251.000  3.653065e+02 
 1252.000  3.634396e+02 
 1253.000  3.596103e+02 
 1254.000  3.589133e+02 
 1255.000  3.571811e+02 
 1256.000  3.554825e+02 
 1257.000  3.501262e+02 
 1258.000  3.486372e+02 
 1259.000  3.424684e+02 
 1260.000  3.402235e+02 
 1261.000  3.366537e+02 
 1262.000  3.236643e+02 
 1263.000  3.254364e+02 
 1264.000  3.190085e+02 
 1265.000  3.189979e+02 
 1266.000  3.185799e+02 
 1267.000  3.099857e+02 
 1268.000  3.042197e+02 
 1269.000  3.058514e+02 
 1270.000  3.159195e+02 
 1271.000  3.206059e+02 
 1272.000  3.222751e+02 
 1273.000  3.246847e+02 
 1274.000  3.261262e+02 
 1275.000  3.295180e+02 
 1276.000  3.307665e+02 
 1277.000  3.306899e+02 
 1278.000  3.298044e+02 
 1279.000  3.280190e+02 
 1280.000  3.280607e+02 
 1281.000  3.205458e+02 
 1282.000  2.862025e+02 
 1283.000  3.148862e+02 
 1284.000  3.278410e+02 
 1285.000  3.307347e+02 
 1286.000  3.294460e+02 
 1287.000  3.293093e+02 
 1288.000  3.195934e+02 
 1289.000  3.190515e+02 
 1290.000  3.113502e+02 
 1291.000  3.167671e+02 
 1292.000  3.212007e+02 
 1293.000  3.217024e+02 
 1294.000  3.132052e+02 
 1295.000  3.112614e+02 
 1296.000  3.058381e+02 
 1297.000  2.993820e+02 
 1298.000  2.961296e+02 
 1299.000  2.985684e+02 
 1300.000  2.966003e+02 
 1301.000  2.948708e+02 
 1302.000  2.878822e+02 
 1303.000  2.770625e+02 
 1304.000  2.735858e+02 
 1305.000  2.737154e+02 
 1306.000  2.724708e+02 
 1307.000  2.694121e+02 
 1308.000  2.633670e+02 
 1309.000  2.553227e+02 
 1310.000  2.534100e+02 
 1311.000  2.525968e+02 
 1312.000  2.429110e+02 
 1313.000  2.234398e+02 
 1314.000  2.225457e+02 
 1315.000  2.188966e+02 
 1316.000  2.300489e+02 
 1317.000  2.321237e+02 
 1318.000  2.186787e+02 
 1319.000  2.075862e+02 
 1320.000  1.905333e+02 
 1321.000  1.838476e+02 
 1322.000  1.928332e+02 
 1323.000  2.037895e+02 
 1324.000  2.095298e+02 
 1325.000  2.054696e+02 
 1326.000  1.942193e+02 
 1327.000  1.711045e+02 
 1328.000  1.495413e+02 
 1329.000  1.091832e+02 
 1330.000  9.882078e+01 
 1331.000  9.183586e+01 
 1332.000  9.200561e+01 
 1333.000  1.011191e+02 
 1334.000  1.106403e+02 
 1335.000  1.177963e+02 
 1336.000  1.191495e+02 
 1337.000  1.208015e+02 
 1338.000  1.259616e+02 
 1339.000  1.266317e+02 
 1340.000  1.302368e+02 
 1341.000  1.291225e+02 
 1342.000  1.294716e+02 
 1343.000  1.124683e+02 
 1344.000  9.433437e+01 
 1345.000  5.726336e+01 
 1346.000  3.593020e+01 
 1347.000  2.654871e+01 
 1348.000  1.479356e+01 
 1349.000  1.179048e+01 
 1350.000  5.471873e+00 
 1351.000  3.829422e+00 
 1352.000  1.602553e+00 
 1353.000  6.305944e-01 
 1354.000  3.212163e-01 
 1355.000  1.536464e-01 
 1356.000  6.608527e-02 
 1357.000  1.965678e-02 
 1358.000  9.239838e-03 
 1359.000  1.518693e-03 
 1360.000  5.709130e-04 
 1361.000  2.268413e-04 
 1362.000  1.868435e-04 
 1363.000  4.141083e-04 
 1364.000  5.832225e-04 
 1365.000  6.023027e-04 
 1366.000  8.408865e-04 
 1367.000  6.236983e-04 
 1368.000  5.671102e-04 
 1369.000  6.216000e-04 
 1370.000  2.563642e-03 
 1371.000  1.043337e-02 
 1372.000  5.258115e-02 
 1373.000  1.236429e-01 
 1374.000  2.054515e-01 
 1375.000  2.467047e-01 
 1376.000  2.073552e-01 
 1377.000  1.530504e-01 
 1378.000  7.686142e-02 
 1379.000  3.031655e-02 
 1380.000  7.345551e-03 
 1381.000  1.931671e-03 
 1382.000  7.817574e-04 
 1383.000  6.871823e-04 
 1384.000  2.258832e-03 
 1385.000  5.393463e-03 
 1386.000  1.556387e-02 
 1387.000  7.725862e-02 
 1388.000  1.517727e-01 
 1389.000  2.286246e-01 
 1390.000  2.475208e-01 
 1391.000  2.127367e-01 
 1392.000  1.082983e-01 
 1393.000  5.870774e-02 
 1394.000  3.119357e-02 
 1395.000  4.233170e-02 
 1396.000  9.058042e-02 
 1397.000  1.750604e-01 
 1398.000  1.884035e-01 
 1399.000  1.706503e-01 
 1400.000  1.509438e-01 
 1401.000  1.926585e-01 
 1402.000  3.184563e-01 
 1403.000  5.133330e-01 
 1404.000  4.457136e-01 
 1405.000  5.652396e-01 
 1406.000  4.692281e-01 
 1407.000  5.904542e-01 
 1408.000  9.254812e-01 
 1409.000  1.511426e+00 
 1410.000  2.504565e+00 
 1411.000  4.242388e+00 
 1412.000  4.133406e+00 
 1413.000  5.708115e+00 
 1414.000  5.404780e+00 
 1415.000  7.669432e+00 
 1416.000  9.208200e+00 
 1417.000  1.045183e+01 
 1418.000  1.068276e+01 
 1419.000  1.145200e+01 
 1420.000  1.218726e+01 
 1421.000  1.671001e+01 
 1422.000  1.833705e+01 
 1423.000  1.963179e+01 
 1424.000  1.944306e+01 
 1425.000  1.878902e+01 
 1426.000  1.825045e+01 
 1427.000  2.090387e+01 
 1428.000  2.327287e+01 
 1429.000  2.534174e+01 
 1430.000  2.488664e+01 
 1431.000  2.128261e+01 
 1432.000  1.972494e+01 
 1433.000  1.958807e+01 
 1434.000  1.787320e+01 
 1435.000  2.093645e+01 
 1436.000  2.226139e+01 
 1437.000  2.307490e+01 
 1438.000  2.679539e+01 
 1439.000  2.755350e+01 
 1440.000  2.718748e+01 
 1441.000  2.934401e+01 
 1442.000  2.730270e+01 
 1443.000  2.794868e+01 
 1444.000  2.934303e+01 
 1445.000  2.964585e+01 
 1446.000  3.276932e+01 
 1447.000  3.536666e+01 
 1448.000  3.616112e+01 
 1449.000  3.437281e+01 
 1450.000  3.142734e+01 
 1451.000  3.259584e+01 
 1452.000  3.753228e+01 
 1453.000  4.780480e+01 
 1454.000  5.941816e+01 
 1455.000  6.658118e+01 
 1456.000  7.484400e+01 
 1457.000  7.676699e+01 
 1458.000  7.949879e+01 
 1459.000  7.361995e+01 
 1460.000  6.730359e+01 
 1461.000  6.433682e+01 
 1462.000  5.664418e+01 
 1463.000  5.626382e+01 
 1464.000  5.425625e+01 
 1465.000  5.017281e+01 
 1466.000  4.361501e+01 
 1467.000  4.106278e+01 
 1468.000  3.637856e+01 
 1469.000  3.133764e+01 
 1470.000  2.939445e+01 
 1471.000  3.499308e+01 
 1472.000  4.415361e+01 
 1473.000  5.844488e+01 
 1474.000  6.852963e+01 
 1475.000  6.990354e+01 
 1476.000  7.002066e+01 
 1477.000  6.644207e+01 
 1478.000  6.194766e+01 
 1479.000  5.791974e+01 
 1480.000  6.126318e+01 
 1481.000  6.557977e+01 
 1482.000  7.264681e+01 
 1483.000  7.286728e+01 
 1484.000  7.380053e+01 
 1485.000  7.433367e+01 
 1486.000  7.875043e+01 
 1487.000  9.119467e+01 
 1488.000  8.072917e+01 
 1489.000  1.099153e+02 
 1490.000  1.261132e+02 
 1491.000  1.367078e+02 
 1492.000  1.352899e+02 
 1493.000  1.442699e+02 
 1494.000  1.445850e+02 
 1495.000  1.500079e+02 
 1496.000  1.562606e+02 
 1497.000  1.606386e+02 
 1498.000  1.718775e+02 
 1499.000  1.782317e+02 
 1500.000  1.879713e+02 
 1501.000  1.856608e+02 
 1502.000  1.807082e+02 
 1503.000  1.601675e+02 
 1504.000  1.690389e+02 
 1505.000  1.751722e+02 
 1506.000  1.778074e+02 
 1507.000  1.921652e+02 
 1508.000  1.924360e+02 
 1509.000  1.967598e+02 
 1510.000  2.010170e+02 
 1511.000  2.044700e+02 
 1512.000  2.022230e+02 
 1513.000  2.026794e+02 
 1514.000  1.999069e+02 
 1515.000  2.056963e+02 
 1516.000  2.044254e+02 
 1517.000  2.048687e+02 
 1518.000  2.120142e+02 
 1519.000  2.127541e+02 
 1520.000  2.190602e+02 
 1521.000  2.175498e+02 
 1522.000  2.163455e+02 
 1523.000  2.224551e+02 
 1524.000  2.200392e+02 
 1525.000  2.142532e+02 
 1526.000  2.206001e+02 
 1527.000  2.194085e+02 
 1528.000  2.224087e+02 
 1529.000  2.217265e+02 
 1530.000  2.087448e+02 
 1531.000  2.241312e+02 
 1532.000  2.238782e+02 
 1533.000  2.234543e+02 
 1534.000  2.205992e+02 
 1535.000  2.219913e+02 
 1536.000  2.249745e+02 
 1537.000  2.262830e+02 
 1538.000  2.207345e+02 
 1539.000  2.258983e+02 
 1540.000  2.178973e+02 
 1541.000  2.226160e+02 
 1542.000  2.239351e+02 
 1543.000  2.235073e+02 
 1544.000  2.266948e+02 
 1545.000  2.280969e+02 
 1546.000  2.287575e+02 
 1547.000  2.268855e+02 
 1548.000  2.203836e+02 
 1549.000  2.260255e+02 
 1550.000  2.246877e+02 
 1551.000  2.234761e+02 
 1552.000  2.273147e+02 
 1553.000  2.263333e+02 
 1554.000  2.179809e+02 
 1555.000  2.217984e+02 
 1556.000  2.176588e+02 
 1557.000  2.248688e+02 
 1558.000  2.230272e+02 
 1559.000  2.229081e+02 
 1560.000  2.190529e+02 
 1561.000  2.240343e+02 
 1562.000  2.237126e+02 
 1563.000  2.201271e+02 
 1564.000  2.154020e+02 
 1565.000  2.181082e+02 
 1566.000  2.139699e+02 
 1567.000  2.129724e+02 
 1568.000  2.071166e+02 
 1569.000  2.062482e+02 
 1570.000  1.997564e+02 
 1571.000  2.051047e+02 
 1572.000  2.047433e+02 
 1573.000  2.018821e+02 
 1574.000  2.031156e+02 
 1575.000  1.889491e+02 
 1576.000  2.029890e+02 
 1577.000  1.834817e+02 
 1578.000  2.010098e+02 
 1579.000  2.025430e+02 
 1580.000  2.073827e+02 
 1581.000  2.060040e+02 
 1582.000  2.025632e+02 
 1583.000  2.057018e+02 
 1584.000  2.045130e+02 
 1585.000  2.110210e+02 
 1586.000  2.083664e+02 
 1587.000  2.064789e+02 
 1588.000  2.036369e+02 
 1589.000  1.862977e+02 
 1590.000  2.005381e+02 
 1591.000  1.960526e+02 
 1592.000  2.061570e+02 
 1593.000  2.102381e+02 
 1594.000  2.081104e+02 
 1595.000  2.087525e+02 
 1596.000  1.955423e+02 
 1597.000  2.023610e+02 
 1598.000  2.045217e+02 
 1599.000  1.957627e+02 
 1600.000  1.974892e+02 
 1601.000  1.891715e+02 
 1602.000  1.936961e+02 
 1603.000  1.928391e+02 
 1604.000  1.961322e+02 
 1605.000  1.932274e+02 
 1606.000  1.927434e+02 
 1607.000  1.932230e+02 
 1608.000  1.951461e+02 
 1609.000  1.943913e+02 
 1610.000  1.824632e+02 
 1611.000  1.887376e+02 
 1612.000  1.915975e+02 
 1613.000  1.968730e+02 
 1614.000  1.949357e+02 
 1615.000  1.989246e+02 
 1616.000  1.870061e+02 
 1617.000  1.932611e+02 
 1618.000  1.992771e+02 
 1619.000  1.994090e+02 
 1620.000  1.950745e+02 
 1621.000  1.927280e+02 
 1622.000  1.975739e+02 
 1623.000  2.018508e+02 
 1624.000  2.033890e+02 
 1625.000  1.989158e+02 
 1626.000  2.008216e+02 
 1627.000  2.006380e+02 
 1628.000  2.020365e+02 
 1629.000  2.017462e+02 
 1630.000  1.958040e+02 
 1631.000  1.988610e+02 
 1632.000  1.983700e+02 
 1633.000  1.957031e+02 
 1634.000  1.907344e+02 
 1635.000  1.958431e+02 
 1636.000  1.949808e+02 
 1637.000  1.858774e+02 
 1638.000  1.845168e+02 
 1639.000  1.820191e+02 
 1640.000  1.828130e+02 
 1641.000  1.813020e+02 
 1642.000  1.810678e+02 
 1643.000  1.855282e+02 
 1644.000  1.824249e+02 
 1645.000  1.824634e+02 
 1646.000  1.846508e+02 
 1647.000  1.863361e+02 
 1648.000  1.853063e+02 
 1649.000  1.809822e+02 
 1650.000  1.855629e+02 
 1651.000  1.813872e+02 
 1652.000  1.848298e+02 
 1653.000  1.830272e+02 
 1654.000  1.850753e+02 
 1655.000  1.817339e+02 
 1656.000  1.854746e+02 
 1657.000  1.841225e+02 
 1658.000  1.854413e+02 
 1659.000  1.820742e+02 
 1660.000  1.840219e+02 
 1661.000  1.847273e+02 
 1662.000  1.832388e+02 
 1663.000  1.820927e+02 
 1664.000  1.812853e+02 
 1665.000  1.794392e+02 
 1666.000  1.789271e+02 
 1667.000  1.811530e+02 
 1668.000  1.780801e+02 
 1669.000  1.787198e+02 
 1670.000  1.827165e+02 
 1671.000  1.815329e+02 
 1672.000  1.729354e+02 
 1673.000  1.776319e+02 
 1674.000  1.781986e+02 
 1675.000  1.765344e+02 
 1676.000  1.736334e+02 
 1677.000  1.745953e+02 
 1678.000  1.758498e+02 
 1679.000  1.734411e+02 
 1680.000  1.676674e+02 
 1681.000  1.619336e+02 
 1682.000  1.666033e+02 
 1683.000  1.706531e+02 
 1684.000  1.737430e+02 
 1685.000  1.739502e+02 
 1686.000  1.718571e+02 
 1687.000  1.720508e+02 
 1688.000  1.717667e+02 
 1689.000  1.696876e+02 
 1690.000  1.691008e+02 
 1691.000  1.712227e+02 
 1692.000  1.715227e+02 
 1693.000  1.709788e+02 
 1694.000  1.707217e+02 
 1695.000  1.704904e+02 
 1696.000  1.694858e+02 
 1697.000  1.682557e+02 
 1698.000  1.691578e+02 
 1699.000  1.680661e+02 
 1700.000  1.659424e+02 
 1701.000  1.664186e+02 
 1702.000  1.658653e+02 
 1703.000  1.621171e+02 
 1704.000  1.644382e+02 
 1705.000  1.651798e+02 
 1706.000  1.625407e+02 
 1707.000  1.617900e+02 
 1708.000  1.574242e+02 
 1709.000  1.602981e+02 
 1710.000  1.620717e+02 
 1711.000  1.497064e+02 
 1712.000  1.601462e+02 
 1713.000  1.606077e+02 
 1714.000  1.607649e+02 
 1715.000  1.608373e+02 
 1716.000  1.601672e+02 
 1717.000  1.588270e+02 
 1718.000  1.579539e+02 
 1719.000  1.586295e+02 
 1720.000  1.535413e+02 
 1721.000  1.512593e+02 
 1722.000  1.527170e+02 
 1723.000  1.439289e+02 
 1724.000  1.460572e+02 
 1725.000  1.487341e+02 
 1726.000  1.510472e+02 
 1727.000  1.502773e+02 
 1728.000  1.468732e+02 
 1729.000  1.502921e+02 
 1730.000  1.505400e+02 
 1731.000  1.471798e+02 
 1732.000  1.445974e+02 
 1733.000  1.353431e+02 
 1734.000  1.375163e+02 
 1735.000  1.367834e+02 
 1736.000  1.301011e+02 
 1737.000  1.280171e+02 
 1738.000  1.338788e+02 
 1739.000  1.358854e+02 
 1740.000  1.355627e+02 
 1741.000  1.321682e+02 
 1742.000  1.362842e+02 
 1743.000  1.333395e+02 
 1744.000  1.346153e+02 
 1745.000  1.306291e+02 
 1746.000  1.306430e+02 
 1747.000  1.279950e+02 
 1748.000  1.326506e+02 
 1749.000  1.322402e+02 
 1750.000  1.315824e+02 
 1751.000  1.294548e+02 
 1752.000  1.299673e+02 
 1753.000  1.295181e+02 
 1754.000  1.295592e+02 
 1755.000  1.263123e+02 
 1756.000  1.277763e+02 
 1757.000  1.278662e+02 
 1758.000  1.275068e+02 
 1759.000  1.280291e+02 
 1760.000  1.261489e+02 
 1761.000  1.216996e+02 
 1762.000  1.186787e+02 
 1763.000  1.179759e+02 
 1764.000  1.119156e+02 
 1765.000  1.138670e+02 
 1766.000  1.123467e+02 
 1767.000  1.128635e+02 
 1768.000  1.112466e+02 
 1769.000  1.115391e+02 
 1770.000  1.090118e+02 
 1771.000  1.092022e+02 
 1772.000  1.071777e+02 
 1773.000  1.068643e+02 
 1774.000  9.961722e+01 
 1775.000  9.328936e+01 
 1776.000  9.270138e+01 
 1777.000  8.726748e+01 
 1778.000  8.358300e+01 
 1779.000  8.442401e+01 
 1780.000  8.162054e+01 
 1781.000  8.037060e+01 
 1782.000  7.931244e+01 
 1783.000  7.528565e+01 
 1784.000  7.535031e+01 
 1785.000  7.520026e+01 
 1786.000  7.516030e+01 
 1787.000  7.576829e+01 
 1788.000  7.527685e+01 
 1789.000  6.766472e+01 
 1790.000  6.715064e+01 
 1791.000  6.057784e+01 
 1792.000  5.840452e+01 
 1793.000  5.068175e+01 
 1794.000  4.532476e+01 
 1795.000  4.570293e+01 
 1796.000  3.816365e+01 
 1797.000  3.302906e+01 
 1798.000  3.314983e+01 
 1799.000  2.408186e+01 
 1800.000  2.395974e+01 
 1801.000  1.806617e+01 
 1802.000  1.438086e+01 
 1803.000  1.431812e+01 
 1804.000  1.406676e+01 
 1805.000  1.307483e+01 
 1806.000  1.078026e+01 
 1807.000  1.010257e+01 
 1808.000  9.105991e+00 
 1809.000  6.461259e+00 
 1810.000  4.728988e+00 
 1811.000  4.723862e+00 
 1812.000  3.092348e+00 
 1813.000  3.100489e+00 
 1814.000  2.496312e+00 
 1815.000  1.306378e+00 
 1816.000  1.289291e+00 
 1817.000  1.036007e+00 
 1818.000  8.133909e-01 
 1819.000  5.672966e-01 
 1820.000  4.798894e-01 
 1821.000  4.837542e-01 
 1822.000  3.504721e-01 
 1823.000  3.454078e-01 
 1824.000  2.944607e-01 
 1825.000  9.768610e-02 
 1826.000  9.831472e-02 
 1827.000  5.338091e-02 
 1828.000  3.920677e-02 
 1829.000  1.165781e-02 
 1830.000  5.284424e-03 
 1831.000  5.278692e-03 
 1832.000  1.978327e-03 
 1833.000  1.909423e-03 
 1834.000  7.279764e-04 
 1835.000  1.291619e-04 
 1836.000  1.296405e-04 
 1837.000  6.383935e-05 
 1838.000  4.986223e-05 
 1839.000  7.234696e-05 
 1840.000  1.747978e-04 
 1841.000  1.789217e-04 
 1842.000  3.475703e-04 
 1843.000  3.370450e-04 
 1844.000  5.434473e-04 
 1845.000  4.721011e-04 
 1846.000  3.293053e-04 
 1847.000  1.925756e-04 
 1848.000  1.987391e-04 
 1849.000  1.978153e-04 
 1850.000  1.998467e-04 
 1851.000  1.842450e-04 
 1852.000  1.999581e-04 
 1853.000  1.958656e-04 
 1854.000  2.015400e-04 
 1855.000  2.182897e-04 
 1856.000  2.558610e-04 
 1857.000  2.667340e-04 
 1858.000  4.574376e-04 
 1859.000  1.153234e-03 
 1860.000  1.141691e-03 
 1861.000  2.935711e-03 
 1862.000  2.566896e-03 
 1863.000  2.962544e-03 
 1864.000  2.224268e-03 
 1865.000  2.237527e-03 
 1866.000  7.051204e-04 
 1867.000  6.947960e-04 
 1868.000  6.745045e-05 
 1869.000  7.656962e-05 
 1870.000  8.445887e-11 
 1871.000  1.503550e-12 
 1872.000  1.493861e-12 
 1873.000  1.227110e-05 
 1874.000  1.227213e-05 
 1875.000  1.235832e-04 
 1876.000  1.207402e-04 
 1877.000  1.421468e-03 
 1878.000  5.364957e-03 
 1879.000  5.488337e-03 
 1880.000  1.309780e-02 
 1881.000  1.351424e-02 
 1882.000  2.207330e-02 
 1883.000  2.752738e-02 
 1884.000  3.747723e-02 
 1885.000  3.731792e-02 
 1886.000  3.620514e-02 
 1887.000  4.267794e-02 
 1888.000  4.214647e-02 
 1889.000  2.935302e-02 
 1890.000  2.828618e-02 
 1891.000  2.246910e-02 
 1892.000  2.180920e-02 
 1893.000  1.737901e-02 
 1894.000  1.322139e-02 
 1895.000  1.291834e-02 
 1896.000  7.146622e-03 
 1897.000  7.123468e-03 
 1898.000  2.402149e-03 
 1899.000  2.367431e-03 
 1900.000  9.281400e-04 
 1901.000  9.327237e-04 
 1902.000  6.003295e-04 
 1903.000  1.119289e-03 
 1904.000  1.110742e-03 
 1905.000  2.449375e-03 
 1906.000  2.462796e-03 
 1907.000  4.712816e-03 
 1908.000  4.631409e-03 
 1909.000  5.747728e-03 
 1910.000  5.763455e-03 
 1911.000  6.462234e-03 
 1912.000  6.857497e-03 
 1913.000  1.231295e-02 
 1914.000  1.879135e-02 
 1915.000  1.869183e-02 
 1916.000  5.980188e-02 
 1917.000  6.018141e-02 
 1918.000  9.616959e-02 
 1919.000  9.586874e-02 
 1920.000  1.854197e-01 
 1921.000  1.930492e-01 
 1922.000  2.664346e-01 
 1923.000  3.052545e-01 
 1924.000  3.789633e-01 
 1925.000  3.975973e-01 
 1926.000  4.000885e-01 
 1927.000  5.930543e-01 
 1928.000  5.874522e-01 
 1929.000  6.800251e-01 
 1930.000  7.074537e-01 
 1931.000  1.280136e+00 
 1932.000  1.320199e+00 
 1933.000  1.569865e+00 
 1934.000  1.955986e+00 
 1935.000  2.611674e+00 
 1936.000  2.648037e+00 
 1937.000  2.845225e+00 
 1938.000  3.965379e+00 
 1939.000  3.789625e+00 
 1940.000  4.761918e+00 
 1941.000  4.809209e+00 
 1942.000  6.597332e+00 
 1943.000  6.404643e+00 
 1944.000  7.264683e+00 
 1945.000  6.826722e+00 
 1946.000  9.568510e+00 
 1947.000  1.016635e+01 
 1948.000  1.157653e+01 
 1949.000  1.235475e+01 
 1950.000  1.372061e+01 
 1951.000  1.332339e+01 
 1952.000  1.344257e+01 
 1953.000  1.446624e+01 
 1954.000  1.464450e+01 
 1955.000  1.462641e+01 
 1956.000  1.406308e+01 
 1957.000  1.563260e+01 
 1958.000  1.570592e+01 
 1959.000  1.860448e+01 
 1960.000  1.846463e+01 
 1961.000  2.333713e+01 
 1962.000  2.287307e+01 
 1963.000  2.845040e+01 
 1964.000  2.848341e+01 
 1965.000  3.623923e+01 
 1966.000  3.535362e+01 
 1967.000  4.110539e+01 
 1968.000  4.122992e+01 
 1969.000  4.642484e+01 
 1970.000  4.683368e+01 
 1971.000  4.995483e+01 
 1972.000  4.995239e+01 
 1973.000  5.047994e+01 
 1974.000  5.186368e+01 
 1975.000  5.587980e+01 
 1976.000  5.624498e+01 
 1977.000  5.912732e+01 
 1978.000  5.611538e+01 
 1979.000  6.167939e+01 
 1980.000  5.994796e+01 
 1981.000  6.387674e+01 
 1982.000  6.444223e+01 
 1983.000  6.585871e+01 
 1984.000  6.531068e+01 
 1985.000  6.624811e+01 
 1986.000  6.492284e+01 
 1987.000  6.596960e+01 
 1988.000  6.789598e+01 
 1989.000  6.763174e+01 
 1990.000  6.743742e+01 
 1991.000  6.715684e+01 
 1992.000  6.632129e+01 
 1993.000  6.351605e+01 
 1994.000  6.402813e+01 
 1995.000  6.044133e+01 
 1996.000  6.049885e+01 
 1997.000  5.093829e+01 
 1998.000  4.997323e+01 
 1999.000  3.935552e+01 
 2000.000  3.942558e+01 
 2001.000  2.977644e+01 
 2002.000  2.982445e+01 
 2003.000  2.518242e+01 
 2004.000  2.519193e+01 
 2005.000  2.588279e+01 
 2006.000  2.521087e+01 
 2007.000  2.851463e+01 
 2008.000  2.851764e+01 
 2009.000  3.065468e+01 
 2010.000  3.071110e+01 
 2011.000  3.134530e+01 
 2012.000  3.133149e+01 
 2013.000  3.185293e+01 
 2014.000  3.154056e+01 
 2015.000  3.312020e+01 
 2016.000  3.308903e+01 
 2017.000  3.685803e+01 
 2018.000  3.694512e+01 
 2019.000  4.364518e+01 
 2020.000  4.334204e+01 
 2021.000  4.902740e+01 
 2022.000  5.075528e+01 
 2023.000  5.791078e+01 
 2024.000  5.798352e+01 
 2025.000  6.300015e+01 
 2026.000  6.357162e+01 
 2027.000  6.699345e+01 
 2028.000  6.724853e+01 
 2029.000  6.920094e+01 
 2030.000  6.839189e+01 
 2031.000  7.122685e+01 
 2032.000  7.241587e+01 
 2033.000  7.442373e+01 
 2034.000  7.436519e+01 
 2035.000  7.289514e+01 
 2036.000  7.460461e+01 
 2037.000  7.508048e+01 
 2038.000  7.105284e+01 
 2039.000  7.332580e+01 
 2040.000  7.392150e+01 
 2041.000  7.320162e+01 
 2042.000  7.252040e+01 
 2043.000  7.153832e+01 
 2044.000  7.152554e+01 
 2045.000  6.894287e+01 
 2046.000  6.889582e+01 
 2047.000  6.852233e+01 
 2048.000  6.397738e+01 
 2049.000  6.433318e+01 
 2050.000  5.900683e+01 
 2051.000  5.867995e+01 
 2052.000  5.514326e+01 
 2053.000  5.437162e+01 
 2054.000  5.373578e+01 
 2055.000  5.414380e+01 
 2056.000  5.486914e+01 
 2057.000  5.465746e+01 
 2058.000  5.619547e+01 
 2059.000  5.621491e+01 
 2060.000  5.659298e+01 
 2061.000  5.509445e+01 
 2062.000  5.676383e+01 
 2063.000  5.655276e+01 
 2064.000  5.330807e+01 
 2065.000  5.643307e+01 
 2066.000  5.650402e+01 
 2067.000  5.714368e+01 
 2068.000  5.665937e+01 
 2069.000  5.833565e+01 
 2070.000  5.638178e+01 
 2071.000  6.116175e+01 
 2072.000  6.046089e+01 
 2073.000  6.455485e+01 
 2074.000  6.445789e+01 
 2075.000  6.706842e+01 
 2076.000  6.699188e+01 
 2077.000  6.900328e+01 
 2078.000  6.898711e+01 
 2079.000  6.784185e+01 
 2080.000  6.990834e+01 
 2081.000  6.922714e+01 
 2082.000  7.054310e+01 
 2083.000  6.931252e+01 
 2084.000  7.024496e+01 
 2085.000  7.083020e+01 
 2086.000  7.177927e+01 
 2087.000  7.174437e+01 
 2088.000  7.252163e+01 
 2089.000  7.262382e+01 
 2090.000  7.298990e+01 
 2091.000  7.244393e+01 
 2092.000  6.968030e+01 
 2093.000  7.210139e+01 
 2094.000  7.277983e+01 
 2095.000  7.038644e+01 
 2096.000  7.250633e+01 
 2097.000  7.207260e+01 
 2098.000  7.197372e+01 
 2099.000  7.247457e+01 
 2100.000  7.266683e+01 
 2101.000  7.321398e+01 
 2102.000  7.371360e+01 
 2103.000  7.258888e+01 
 2104.000  7.407130e+01 
 2105.000  7.400869e+01 
 2106.000  7.471662e+01 
 2107.000  7.449249e+01 
 2108.000  7.447126e+01 
 2109.000  7.408936e+01 
 2110.000  7.207638e+01 
 2111.000  7.375473e+01 
 2112.000  7.338213e+01 
 2113.000  7.300925e+01 
 2114.000  7.323843e+01 
 2115.000  7.295274e+01 
 2116.000  7.245379e+01 
 2117.000  7.059283e+01 
 2118.000  7.222553e+01 
 2119.000  7.287763e+01 
 2120.000  7.113270e+01 
 2121.000  7.297383e+01 
 2122.000  7.234477e+01 
 2123.000  7.239390e+01 
 2124.000  7.163938e+01 
 2125.000  7.318670e+01 
 2126.000  7.402669e+01 
 2127.000  7.273786e+01 
 2128.000  7.471577e+01 
 2129.000  7.454712e+01 
 2130.000  7.451871e+01 
 2131.000  7.496762e+01 
 2132.000  7.483449e+01 
 2133.000  7.497107e+01 
 2134.000  7.474456e+01 
 2135.000  7.494876e+01 
 2136.000  7.221241e+01 
 2137.000  7.472871e+01 
 2138.000  7.471261e+01 
 2139.000  7.433800e+01 
 2140.000  7.430735e+01 
 2141.000  7.437448e+01 
 2142.000  7.378474e+01 
 2143.000  7.341540e+01 
 2144.000  7.253021e+01 
 2145.000  7.180745e+01 
 2146.000  6.989463e+01 
 2147.000  7.060416e+01 
 2148.000  7.063485e+01 
 2149.000  6.884453e+01 
 2150.000  6.876069e+01 
 2151.000  6.749012e+01 
 2152.000  6.732444e+01 
 2153.000  6.666729e+01 
 2154.000  6.682487e+01 
 2155.000  6.679329e+01 
 2156.000  6.702264e+01 
 2157.000  6.685146e+01 
 2158.000  6.690028e+01 
 2159.000  6.659026e+01 
 2160.000  6.651625e+01 
 2161.000  6.644963e+01 
 2162.000  6.555869e+01 
 2163.000  6.579584e+01 
 2164.000  6.487395e+01 
 2165.000  6.287053e+01 
 2166.000  5.647424e+01 
 2167.000  6.192332e+01 
 2168.000  6.388280e+01 
 2169.000  6.557671e+01 
 2170.000  6.567551e+01 
 2171.000  6.624752e+01 
 2172.000  6.586474e+01 
 2173.000  6.610165e+01 
 2174.000  6.559611e+01 
 2175.000  6.567567e+01 
 2176.000  6.527248e+01 
 2177.000  6.443012e+01 
 2178.000  6.489947e+01 
 2179.000  6.193874e+01 
 2180.000  6.443860e+01 
 2181.000  6.433633e+01 
 2182.000  6.329997e+01 
 2183.000  6.173754e+01 
 2184.000  6.333454e+01 
 2185.000  6.349463e+01 
 2186.000  6.380278e+01 
 2187.000  6.371791e+01 
 2188.000  6.210702e+01 
 2189.000  6.206381e+01 
 2190.000  6.281614e+01 
 2191.000  6.371572e+01 
 2192.000  6.354141e+01 
 2193.000  6.259498e+01 
 2194.000  6.243125e+01 
 2195.000  6.224523e+01 
 2196.000  6.120868e+01 
 2197.000  6.096793e+01 
 2198.000  6.047366e+01 
 2199.000  6.038673e+01 
 2200.000  6.016200e+01 
 2201.000  6.054454e+01 
 2202.000  6.044670e+01 
 2203.000  6.163620e+01 
 2204.000  6.164712e+01 
 2205.000  6.147048e+01 
 2206.000  6.047382e+01 
 2207.000  5.970323e+01 
 2208.000  6.320399e+01 
 2209.000  6.189724e+01 
 2210.000  6.414827e+01 
 2211.000  6.409096e+01 
 2212.000  6.388711e+01 
 2213.000  6.400497e+01 
 2214.000  6.374783e+01 
 2215.000  6.385226e+01 
 2216.000  6.331546e+01 
 2217.000  6.239978e+01 
 2218.000  6.321972e+01 
 2219.000  6.342129e+01 
 2220.000  6.332152e+01 
 2221.000  6.321166e+01 
 2222.000  6.296105e+01 
 2223.000  6.309479e+01 
 2224.000  6.293827e+01 
 2225.000  6.277518e+01 
 2226.000  6.169050e+01 
 2227.000  6.186519e+01 
 2228.000  6.194569e+01 
 2229.000  6.250173e+01 
 2230.000  6.188175e+01 
 2231.000  6.197550e+01 
 2232.000  6.197059e+01 
 2233.000  6.179808e+01 
 2234.000  6.168215e+01 
 2235.000  6.130168e+01 
 2236.000  6.105388e+01 
 2237.000  6.107931e+01 
 2238.000  6.031364e+01 
 2239.000  5.904711e+01 
 2240.000  5.972027e+01 
 2241.000  6.030897e+01 
 2242.000  6.017520e+01 
 2243.000  5.912989e+01 
 2244.000  5.957854e+01 
 2245.000  5.958756e+01 
 2246.000  5.945935e+01 
 2247.000  5.940128e+01 
 2248.000  5.779099e+01 
 2249.000  5.899379e+01 
 2250.000  5.846967e+01 
 2251.000  5.840043e+01 
 2252.000  5.849049e+01 
 2253.000  5.758208e+01 
 2254.000  5.614289e+01 
 2255.000  5.727795e+01 
 2256.000  5.684502e+01 
 2257.000  5.683826e+01 
 2258.000  5.669306e+01 
 2259.000  5.675644e+01 
 2260.000  5.623085e+01 
 2261.000  5.595493e+01 
 2262.000  5.605651e+01 
 2263.000  5.403311e+01 
 2264.000  5.602050e+01 
 2265.000  5.568864e+01 
 2266.000  5.495061e+01 
 2267.000  5.543674e+01 
 2268.000  5.549130e+01 
 2269.000  5.536327e+01 
 2270.000  5.519871e+01 
 2271.000  5.482901e+01 
 2272.000  5.533561e+01 
 2273.000  5.530286e+01 
 2274.000  5.513765e+01 
 2275.000  5.431914e+01 
 2276.000  5.504794e+01 
 2277.000  5.505747e+01 
 2278.000  5.499789e+01 
 2279.000  5.482701e+01 
 2280.000  5.466095e+01 
 2281.000  5.184351e+01 
 2282.000  5.352879e+01 
 2283.000  5.367942e+01 
 2284.000  5.343273e+01 
 2285.000  5.323947e+01 
 2286.000  5.291678e+01 
 2287.000  5.302289e+01 
 2288.000  5.283046e+01 
 2289.000  5.200971e+01 
 2290.000  5.200754e+01 
 2291.000  5.105566e+01 
 2292.000  5.130745e+01 
 2293.000  5.120586e+01 
 2294.000  4.825335e+01 
 2295.000  4.953124e+01 
 2296.000  4.933518e+01 
 2297.000  4.850447e+01 
 2298.000  4.958042e+01 
 2299.000  4.979258e+01 
 2300.000  4.965944e+01 
 2301.000  4.962139e+01 
 2302.000  5.037645e+01 
 2303.000  5.022662e+01 
 2304.000  5.004927e+01 
 2305.000  5.079652e+01 
 2306.000  5.084964e+01 
 2307.000  5.088427e+01 
 2308.000  5.087577e+01 
 2309.000  5.053652e+01 
 2310.000  5.007274e+01 
 2311.000  5.022934e+01 
 2312.000  4.999399e+01 
 2313.000  4.900564e+01 
 2314.000  4.871954e+01 
 2315.000  4.643234e+01 
 2316.000  4.711176e+01 
 2317.000  4.665333e+01 
 2318.000  4.954929e+01 
 2319.000  4.935027e+01 
 2320.000  4.640276e+01 
 2321.000  4.647309e+01 
 2322.000  4.643654e+01 
 2323.000  4.456245e+01 
 2324.000  4.579954e+01 
 2325.000  4.617319e+01 
 2326.000  4.592905e+01 
 2327.000  4.680096e+01 
 2328.000  4.711421e+01 
 2329.000  4.666302e+01 
 2330.000  4.658242e+01 
 2331.000  4.634997e+01 
 2332.000  4.568472e+01 
 2333.000  4.565277e+01 
 2334.000  4.425791e+01 
 2335.000  4.362899e+01 
 2336.000  4.391238e+01 
 2337.000  4.261631e+01 
 2338.000  4.239590e+01 
 2339.000  4.129862e+01 
 2340.000  4.132645e+01 
 2341.000  4.137611e+01 
 2342.000  4.047507e+01 
 2343.000  4.028382e+01 
 2344.000  4.016630e+01 
 2345.000  3.951107e+01 
 2346.000  3.960525e+01 
 2347.000  3.934918e+01 
 2348.000  3.901167e+01 
 2349.000  3.919825e+01 
 2350.000  3.894967e+01 
 2351.000  3.922237e+01 
 2352.000  3.861281e+01 
 2353.000  3.768141e+01 
 2354.000  3.866113e+01 
 2355.000  3.910192e+01 
 2356.000  3.980135e+01 
 2357.000  3.947913e+01 
 2358.000  3.945130e+01 
 2359.000  4.016061e+01 
 2360.000  4.019520e+01 
 2361.000  3.990046e+01 
 2362.000  3.897198e+01 
 2363.000  3.891711e+01 
 2364.000  3.897258e+01 
 2365.000  3.742132e+01 
 2366.000  3.749843e+01 
 2367.000  3.554797e+01 
 2368.000  3.536964e+01 
 2369.000  3.503110e+01 
 2370.000  3.374564e+01 
 2371.000  3.413701e+01 
 2372.000  3.414789e+01 
 2373.000  3.389866e+01 
 2374.000  3.224372e+01 
 2375.000  3.326588e+01 
 2376.000  3.305376e+01 
 2377.000  3.294745e+01 
 2378.000  3.285031e+01 
 2379.000  3.304216e+01 
 2380.000  3.293498e+01 
 2381.000  3.208083e+01 
 2382.000  3.215869e+01 
 2383.000  3.061601e+01 
 2384.000  3.058200e+01 
 2385.000  3.081870e+01 
 2386.000  3.104474e+01 
 2387.000  3.111440e+01 
 2388.000  3.194925e+01 
 2389.000  3.183425e+01 
 2390.000  3.265118e+01 
 2391.000  3.259470e+01 
 2392.000  3.242253e+01 
 2393.000  3.266227e+01 
 2394.000  3.308686e+01 
 2395.000  3.279483e+01 
 2396.000  3.264733e+01 
 2397.000  3.280032e+01 
 2398.000  3.247211e+01 
 2399.000  3.201623e+01 
 2400.000  3.171739e+01 
 2401.000  3.077132e+01 
 2402.000  3.092820e+01 
 2403.000  3.070230e+01 
 2404.000  2.874075e+01 
 2405.000  2.893075e+01 
 2406.000  2.851069e+01 
 2407.000  2.698306e+01 
 2408.000  2.703061e+01 
 2409.000  2.694400e+01 
 2410.000  2.506026e+01 
 2411.000  2.508418e+01 
 2412.000  2.505326e+01 
 2413.000  2.378499e+01 
 2414.000  2.295742e+01 
 2415.000  2.281602e+01 
 2416.000  2.208241e+01 
 2417.000  2.307936e+01 
 2418.000  2.328080e+01 
 2419.000  2.532827e+01 
 2420.000  2.505779e+01 
 2421.000  2.502547e+01 
 2422.000  2.638452e+01 
 2423.000  2.619962e+01 
 2424.000  2.627819e+01 
 2425.000  2.670840e+01 
 2426.000  2.704621e+01 
 2427.000  2.661923e+01 
 2428.000  2.645457e+01 
 2429.000  2.663392e+01 
 2430.000  2.647520e+01 
 2431.000  2.549167e+01 
 2432.000  2.565033e+01 
 2433.000  2.537224e+01 
 2434.000  2.374100e+01 
 2435.000  2.348155e+01 
 2436.000  2.413920e+01 
 2437.000  2.399895e+01 
 2438.000  2.342367e+01 
 2439.000  2.389012e+01 
 2440.000  2.236797e+01 
 2441.000  2.210898e+01 
 2442.000  2.224611e+01 
 2443.000  1.987175e+01 
 2444.000  1.977348e+01 
 2445.000  1.791429e+01 
 2446.000  1.739799e+01 
 2447.000  1.743864e+01 
 2448.000  1.680884e+01 
 2449.000  1.680986e+01 
 2450.000  1.692828e+01 
 2451.000  1.709193e+01 
 2452.000  1.708489e+01 
 2453.000  1.735203e+01 
 2454.000  1.954807e+01 
 2455.000  1.934780e+01 
 2456.000  1.931507e+01 
 2457.000  1.836903e+01 
 2458.000  1.985781e+01 
 2459.000  1.999622e+01 
 2460.000  1.987440e+01 
 2461.000  1.877176e+01 
 2462.000  1.882195e+01 
 2463.000  1.843105e+01 
 2464.000  1.698959e+01 
 2465.000  1.685744e+01 
 2466.000  1.672710e+01 
 2467.000  1.489034e+01 
 2468.000  1.489013e+01 
 2469.000  1.447750e+01 
 2470.000  1.150720e+01 
 2471.000  1.199938e+01 
 2472.000  1.195267e+01 
 2473.000  1.109564e+01 
 2474.000  1.089894e+01 
 2475.000  1.081821e+01 
 2476.000  8.669372e+00 
 2477.000  8.797342e+00 
 2478.000  8.755647e+00 
 2479.000  6.750263e+00 
 2480.000  6.848896e+00 
 2481.000  6.498368e+00 
 2482.000  5.047935e+00 
 2483.000  4.908202e+00 
 2484.000  5.138335e+00 
 2485.000  4.116907e+00 
 2486.000  4.092352e+00 
 2487.000  3.686341e+00 
 2488.000  3.557229e+00 
 2489.000  3.555118e+00 
 2490.000  3.574032e+00 
 2491.000  3.661398e+00 
 2492.000  3.676728e+00 
 2493.000  3.618855e+00 
 2494.000  3.532379e+00 
 2495.000  3.494234e+00 
 2496.000  3.472783e+00 
 2497.000  3.832114e+00 
 2498.000  3.806555e+00 
 2499.000  3.825016e+00 
 2500.000  3.435058e+00 
 2501.000  2.776293e+00 
 2502.000  2.793262e+00 
 2503.000  2.764561e+00 
 2504.000  2.411305e+00 
 2505.000  2.438874e+00 
 2506.000  2.111332e+00 
 2507.000  1.270793e+00 
 2508.000  1.253173e+00 
 2509.000  1.248593e+00 
 2510.000  8.948783e-01 
 2511.000  9.004982e-01 
 2512.000  7.117377e-01 
 2513.000  3.666886e-01 
 2514.000  3.661231e-01 
 2515.000  3.644426e-01 
 2516.000  2.928929e-01 
 2517.000  2.904956e-01 
 2518.000  2.860348e-01 
 2519.000  9.595983e-02 
 2520.000  9.585028e-02 
 2521.000  9.605735e-02 
 2522.000  9.584434e-02 
 2523.000  5.579026e-02 
 2524.000  5.561397e-02 
 2525.000  3.601798e-02 
 2526.000  1.011285e-02 
 2527.000  1.005452e-02 
 2528.000  1.009953e-02 
 2529.000  4.761344e-03 
 2530.000  4.769817e-03 
 2531.000  4.784050e-03 
 2532.000  5.753341e-04 
 2533.000  5.703995e-04 
 2534.000  5.751893e-04 
 2535.000  3.289887e-04 
 2536.000  3.310038e-04 
 2537.000  3.279608e-04 
 2538.000  1.466315e-04 
 2539.000  1.619010e-05 
 2540.000  1.624366e-05 
 2541.000  1.634071e-05 
 2542.000  7.094368e-06 
 2543.000  7.387613e-06 
 2544.000  1.824711e-06 
 2545.000  3.699034e-07 
 2546.000  3.715497e-07 
 2547.000  3.628110e-07 
 2548.000  3.686884e-07 
 2549.000  3.756426e-07 
 2550.000  3.739889e-07 
 2551.000  0.000000e+00 
 2552.000  0.000000e+00 
 2553.000  0.000000e+00 
 2554.000  0.000000e+00 
 2555.000  0.000000e+00 
 2556.000  0.000000e+00 
 2557.000  0.000000e+00 
 2558.000  0.000000e+00 
 2559.000  0.000000e+00 
 2560.000  0.000000e+00 
 2561.000  0.000000e+00 
 2562.000  0.000000e+00 
 2563.000  0.000000e+00 
 2564.000  0.000000e+00 
 2565.000  0.000000e+00 
 2566.000  0.000000e+00 
 2567.000  0.000000e+00 
 2568.000  0.000000e+00 
 2569.000  0.000000e+00 
 2570.000  0.000000e+00 
 2571.000  0.000000e+00 
 2572.000  0.000000e+00 
 2573.000  0.000000e+00 
 2574.000  0.000000e+00 
 2575.000  0.000000e+00 
 2576.000  0.000000e+00 
 2577.000  0.000000e+00 
 2578.000  0.000000e+00 
 2579.000  0.000000e+00 
 2580.000  0.000000e+00 
 2581.000  0.000000e+00 
 2582.000  0.000000e+00 
 2583.000  0.000000e+00 
 2584.000  0.000000e+00 
 2585.000  0.000000e+00 
 2586.000  0.000000e+00 
 2587.000  0.000000e+00 
 2588.000  0.000000e+00 
 2589.000  0.000000e+00 
 2590.000  0.000000e+00 
 2591.000  0.000000e+00 
 2592.000  0.000000e+00 
 2593.000  0.000000e+00 
 2594.000  0.000000e+00 
 2595.000  0.000000e+00 
 2596.000  0.000000e+00 
 2597.000  0.000000e+00 
 2598.000  0.000000e+00 
 2599.000  0.000000e+00 
 2600.000  0.000000e+00 
 2601.000  0.000000e+00 
 2602.000  0.000000e+00 
 2603.000  0.000000e+00 
 2604.000  0.000000e+00 
 2605.000  0.000000e+00 
 2606.000  0.000000e+00 
 2607.000  0.000000e+00 
 2608.000  0.000000e+00 
 2609.000  0.000000e+00 
 2610.000  0.000000e+00 
 2611.000  0.000000e+00 
 2612.000  0.000000e+00 
 2613.000  0.000000e+00 
 2614.000  0.000000e+00 
 2615.000  0.000000e+00 
 2616.000  0.000000e+00 
 2617.000  0.000000e+00 
 2618.000  0.000000e+00 
 2619.000  0.000000e+00 
 2620.000  0.000000e+00 
 2621.000  0.000000e+00 
 2622.000  0.000000e+00 
 2623.000  0.000000e+00 
 2624.000  0.000000e+00 
 2625.000  0.000000e+00 
 2626.000  0.000000e+00 
 2627.000  0.000000e+00 
 2628.000  0.000000e+00 
 2629.000  0.000000e+00 
 2630.000  0.000000e+00 
 2631.000  0.000000e+00 
 2632.000  0.000000e+00 
 2633.000  0.000000e+00 
 2634.000  0.000000e+00 
 2635.000  0.000000e+00 
 2636.000  0.000000e+00 
 2637.000  0.000000e+00 
 2638.000  0.000000e+00 
 2639.000  0.000000e+00 
 2640.000  0.000000e+00 
 2641.000  0.000000e+00 
 2642.000  0.000000e+00 
 2643.000  0.000000e+00 
 2644.000  0.000000e+00 
 2645.000  0.000000e+00 
 2646.000  0.000000e+00 
 2647.000  0.000000e+00 
 2648.000  0.000000e+00 
 2649.000  0.000000e+00 
 2650.000  0.000000e+00 
 2651.000  0.000000e+00 
 2652.000  0.000000e+00 
 2653.000  0.000000e+00 
 2654.000  0.000000e+00 
 2655.000  0.000000e+00 
 2656.000  0.000000e+00 
 2657.000  0.000000e+00 
 2658.000  0.000000e+00 
 2659.000  0.000000e+00 
 2660.000  0.000000e+00 
 2661.000  0.000000e+00 
 2662.000  0.000000e+00 
 2663.000  0.000000e+00 
 2664.000  0.000000e+00 
 2665.000  0.000000e+00 
 2666.000  0.000000e+00 
 2667.000  0.000000e+00 
 2668.000  0.000000e+00 
 2669.000  0.000000e+00 
 2670.000  0.000000e+00 
 2671.000  0.000000e+00 
 2672.000  0.000000e+00 
 2673.000  0.000000e+00 
 2674.000  0.000000e+00 
 2675.000  0.000000e+00 
 2676.000  0.000000e+00 
 2677.000  0.000000e+00 
 2678.000  0.000000e+00 
 2679.000  0.000000e+00 
 2680.000  0.000000e+00 
 2681.000  0.000000e+00 
 2682.000  0.000000e+00 
 2683.000  0.000000e+00 
 2684.000  0.000000e+00 
 2685.000  0.000000e+00 
 2686.000  0.000000e+00 
 2687.000  0.000000e+00 
 2688.000  0.000000e+00 
 2689.000  0.000000e+00 
 2690.000  0.000000e+00 
 2691.000  0.000000e+00 
 2692.000  0.000000e+00 
 2693.000  0.000000e+00 
 2694.000  0.000000e+00 
 2695.000  0.000000e+00 
 2696.000  0.000000e+00 
 2697.000  0.000000e+00 
 2698.000  0.000000e+00 
 2699.000  0.000000e+00 
 2700.000  0.000000e+00 
 2701.000  0.000000e+00 
 2702.000  0.000000e+00 
 2703.000  0.000000e+00 
 2704.000  0.000000e+00 
 2705.000  0.000000e+00 
 2706.000  0.000000e+00 
 2707.000  0.000000e+00 
 2708.000  0.000000e+00 
 2709.000  0.000000e+00 
 2710.000  0.000000e+00 
 2711.000  0.000000e+00 
 2712.000  0.000000e+00 
 2713.000  0.000000e+00 
 2714.000  0.000000e+00 
 2715.000  0.000000e+00 
 2716.000  0.000000e+00 
 2717.000  0.000000e+00 
 2718.000  0.000000e+00 
 2719.000  0.000000e+00 
 2720.000  0.000000e+00 
 2721.000  0.000000e+00 
 2722.000  0.000000e+00 
 2723.000  0.000000e+00 
 2724.000  0.000000e+00 
 2725.000  0.000000e+00 
 2726.000  0.000000e+00 
 2727.000  0.000000e+00 
 2728.000  0.000000e+00 
 2729.000  0.000000e+00 
 2730.000  0.000000e+00 
 2731.000  0.000000e+00 
 2732.000  0.000000e+00 
 2733.000  0.000000e+00 
 2734.000  0.000000e+00 
 2735.000  0.000000e+00 
 2736.000  0.000000e+00 
 2737.000  0.000000e+00 
 2738.000  0.000000e+00 
 2739.000  0.000000e+00 
 2740.000  0.000000e+00 
 2741.000  0.000000e+00 
 2742.000  0.000000e+00 
 2743.000  0.000000e+00 
 2744.000  0.000000e+00 
 2745.000  0.000000e+00 
 2746.000  0.000000e+00 
 2747.000  0.000000e+00 
 2748.000  0.000000e+00 
 2749.000  0.000000e+00 
 2750.000  0.000000e+00 
 2751.000  0.000000e+00 
 2752.000  0.000000e+00 
 2753.000  0.000000e+00 
 2754.000  0.000000e+00 
 2755.000  0.000000e+00 
 2756.000  0.000000e+00 
 2757.000  0.000000e+00 
 2758.000  0.000000e+00 
 2759.000  0.000000e+00 
 2760.000  0.000000e+00 
 2761.000  0.000000e+00 
 2762.000  0.000000e+00 
 2763.000  0.000000e+00 
 2764.000  0.000000e+00 
 2765.000  0.000000e+00 
 2766.000  0.000000e+00 
 2767.000  0.000000e+00 
 2768.000  0.000000e+00 
 2769.000  0.000000e+00 
 2770.000  0.000000e+00 
 2771.000  0.000000e+00 
 2772.000  0.000000e+00 
 2773.000  0.000000e+00 
 2774.000  0.000000e+00 
 2775.000  0.000000e+00 
 2776.000  0.000000e+00 
 2777.000  0.000000e+00 
 2778.000  0.000000e+00 
 2779.000  0.000000e+00 
 2780.000  0.000000e+00 
 2781.000  0.000000e+00 
 2782.000  0.000000e+00 
 2783.000  0.000000e+00 
 2784.000  0.000000e+00 
 2785.000  0.000000e+00 
 2786.000  0.000000e+00 
 2787.000  0.000000e+00 
 2788.000  0.000000e+00 
 2789.000  0.000000e+00 
 2790.000  0.000000e+00 
 2791.000  0.000000e+00 
 2792.000  0.000000e+00 
 2793.000  0.000000e+00 
 2794.000  0.000000e+00 
 2795.000  0.000000e+00 
 2796.000  0.000000e+00 
 2797.000  0.000000e+00 
 2798.000  0.000000e+00 
 2799.000  0.000000e+00 
 2800.000  0.000000e+00 
 2801.000  0.000000e+00 
 2802.000  0.000000e+00 
 2803.000  0.000000e+00 
 2804.000  0.000000e+00 
 2805.000  0.000000e+00 
 2806.000  0.000000e+00 
 2807.000  0.000000e+00 
 2808.000  0.000000e+00 
 2809.000  1.072341e-06 
 2810.000  1.074642e-06 
 2811.000  1.073934e-06 
 2812.000  1.075460e-06 
 2813.000  4.340588e-06 
 2814.000  4.342379e-06 
 2815.000  4.351520e-06 
 2816.000  4.331787e-06 
 2817.000  4.485899e-05 
 2818.000  4.487651e-05 
 2819.000  4.482677e-05 
 2820.000  4.478637e-05 
 2821.000  1.144483e-04 
 2822.000  1.143021e-04 
 2823.000  1.143021e-04 
 2824.000  1.139701e-04 
 2825.000  4.900090e-04 
 2826.000  4.908849e-04 
 2827.000  4.899985e-04 
 2828.000  4.891497e-04 
 2829.000  5.969322e-04 
 2830.000  5.974855e-04 
 2831.000  5.962917e-04 
 2832.000  5.980156e-04 
 2833.000  1.528352e-03 
 2834.000  1.530628e-03 
 2835.000  1.530212e-03 
 2836.000  1.528472e-03 
 2837.000  1.746210e-03 
 2838.000  1.743325e-03 
 2839.000  1.746889e-03 
 2840.000  1.737598e-03 
 2841.000  3.869457e-03 
 2842.000  3.940322e-03 
 2843.000  3.924098e-03 
 2844.000  3.926437e-03 
 2845.000  4.387093e-03 
 2846.000  4.385244e-03 
 2847.000  4.380154e-03 
 2848.000  4.382534e-03 
 2849.000  5.728693e-03 
 2850.000  1.066051e-02 
 2851.000  1.066056e-02 
 2852.000  1.066161e-02 
 2853.000  1.071718e-02 
 2854.000  1.728733e-02 
 2855.000  1.736832e-02 
 2856.000  1.736536e-02 
 2857.000  2.101113e-02 
 2858.000  4.269970e-02 
 2859.000  4.255317e-02 
 2860.000  4.226907e-02 
 2861.000  4.256691e-02 
 2862.000  7.482268e-02 
 2863.000  7.474602e-02 
 2864.000  7.474648e-02 
 2865.000  9.061746e-02 
 2866.000  1.402998e-01 
 2867.000  1.397329e-01 
 2868.000  1.385299e-01 
 2869.000  1.391899e-01 
 2870.000  1.907840e-01 
 2871.000  1.916795e-01 
 2872.000  1.895816e-01 
 2873.000  2.130748e-01 
 2874.000  3.074487e-01 
 2875.000  3.092247e-01 
 2876.000  3.107404e-01 
 2877.000  3.111869e-01 
 2878.000  4.141662e-01 
 2879.000  4.141403e-01 
 2880.000  4.133141e-01 
 2881.000  4.136253e-01 
 2882.000  6.643071e-01 
 2883.000  6.650517e-01 
 2884.000  6.644936e-01 
 2885.000  6.627861e-01 
 2886.000  6.609693e-01 
 2887.000  7.324114e-01 
 2888.000  7.316872e-01 
 2889.000  7.278571e-01 
 2890.000  7.977072e-01 
 2891.000  9.257315e-01 
 2892.000  9.251330e-01 
 2893.000  9.237198e-01 
 2894.000  9.202018e-01 
 2895.000  9.129336e-01 
 2896.000  9.114558e-01 
 2897.000  9.118255e-01 
 2898.000  9.695873e-01 
 2899.000  9.418602e-01 
 2900.000  9.445499e-01 
 2901.000  9.418957e-01 
 2902.000  9.425930e-01 
 2903.000  1.099272e+00 
 2904.000  1.097545e+00 
 2905.000  1.097840e+00 
 2906.000  1.081827e+00 
 2907.000  1.328535e+00 
 2908.000  1.326994e+00 
 2909.000  1.326509e+00 
 2910.000  1.324629e+00 
 2911.000  1.323133e+00 
 2912.000  1.509368e+00 
 2913.000  1.504965e+00 
 2914.000  1.502407e+00 
 2915.000  1.558811e+00 
 2916.000  2.000662e+00 
 2917.000  2.016901e+00 
 2918.000  2.014030e+00 
 2919.000  2.012081e+00 
 2920.000  1.293268e+01 
 2921.000  1.292550e+01 
 2922.000  1.289006e+01 
 2923.000  1.278261e+01 
 2924.000  3.273384e+00 
 2925.000  3.308693e+00 
 2926.000  3.255334e+00 
 2927.000  3.304089e+00 
 2928.000  3.303729e+00 
 2929.000  3.546928e+00 
 2930.000  3.603893e+00 
 2931.000  3.600422e+00 
 2932.000  3.776247e+00 
 2933.000  3.780308e+00 
 2934.000  3.786515e+00 
 2935.000  3.769586e+00 
 2936.000  3.772340e+00 
 2937.000  3.447935e+00 
 2938.000  3.449411e+00 
 2939.000  3.428696e+00 
 2940.000  3.438596e+00 
 2941.000  3.532175e+00 
 2942.000  3.249139e+00 
 2943.000  3.203964e+00 
 2944.000  3.227827e+00 
 2945.000  3.230059e+00 
 2946.000  3.309397e+00 
 2947.000  3.246074e+00 
 2948.000  3.297909e+00 
 2949.000  3.378354e+00 
 2950.000  3.625481e+00 
 2951.000  3.616926e+00 
 2952.000  3.594447e+00 
 2953.000  3.616400e+00 
 2954.000  3.607107e+00 
 2955.000  3.744951e+00 
 2956.000  3.753574e+00 
 2957.000  3.748646e+00 
 2958.000  3.813878e+00 
 2959.000  3.600661e+00 
 2960.000  3.583391e+00 
 2961.000  3.574251e+00 
 2962.000  3.586532e+00 
 2963.000  2.801039e+00 
 2964.000  2.795489e+00 
 2965.000  2.796193e+00 
 2966.000  2.790197e+00 
 2967.000  2.829075e+00 
 2968.000  2.296952e+00 
 2969.000  2.290338e+00 
 2970.000  2.287248e+00 
 2971.000  2.282727e+00 
 2972.000  2.509478e+00 
 2973.000  2.508481e+00 
 2974.000  2.507155e+00 
 2975.000  2.503118e+00 
 2976.000  2.534576e+00 
 2977.000  3.358246e+00 
 2978.000  3.347246e+00 
 2979.000  3.319549e+00 
 2980.000  3.344629e+00 
 2981.000  4.670847e+00 
 2982.000  4.654918e+00 
 2983.000  4.660407e+00 
 2984.000  4.654175e+00 
 2985.000  4.701709e+00 
 2986.000  5.949321e+00 
 2987.000  5.940106e+00 
 2988.000  5.892112e+00 
 2989.000  5.923301e+00 
 2990.000  5.997186e+00 
 2991.000  6.017058e+00 
 2992.000  6.010956e+00 
 2993.000  6.002216e+00 
 2994.000  5.995233e+00 
 2995.000  5.916281e+00 
 2996.000  5.906435e+00 
 2997.000  5.798189e+00 
 2998.000  5.876334e+00 
 2999.000  5.550224e+00 
 3000.000  5.459929e+00 
 3001.000  5.545401e+00 
 3002.000  5.543737e+00 
 3003.000  5.561754e+00 
 3004.000  4.767246e+00 
 3005.000  4.769018e+00 
 3006.000  4.760167e+00 
 3007.000  4.759776e+00 
 3008.000  4.653720e+00 
 3009.000  4.662419e+00 
 3010.000  4.654443e+00 
 3011.000  4.664018e+00 
 3012.000  4.657805e+00 
 3013.000  4.346589e+00 
 3014.000  4.336254e+00 
 3015.000  4.315727e+00 
 3016.000  4.330109e+00 
 3017.000  3.917196e+00 
 3018.000  3.930495e+00 
 3019.000  3.929096e+00 
 3020.000  3.883515e+00 
 3021.000  3.881200e+00 
 3022.000  3.869210e+00 
 3023.000  3.858895e+00 
 3024.000  3.850663e+00 
 3025.000  3.842731e+00 
 3026.000  3.511022e+00 
 3027.000  3.498873e+00 
 3028.000  3.482076e+00 
 3029.000  3.495916e+00 
 3030.000  3.452786e+00 
 3031.000  2.983866e+00 
 3032.000  2.978883e+00 
 3033.000  2.922187e+00 
 3034.000  2.963070e+00 
 3035.000  2.527728e+00 
 3036.000  2.516712e+00 
 3037.000  2.500385e+00 
 3038.000  2.474305e+00 
 3039.000  2.415580e+00 
 3040.000  2.104677e+00 
 3041.000  2.160521e+00 
 3042.000  2.172320e+00 
 3043.000  2.179718e+00 
 3044.000  2.181592e+00 
 3045.000  1.943474e+00 
 3046.000  1.946604e+00 
 3047.000  1.950719e+00 
 3048.000  1.934795e+00 
 3049.000  1.924023e+00 
 3050.000  1.925090e+00 
 3051.000  1.922924e+00 
 3052.000  1.920647e+00 
 3053.000  1.917333e+00 
 3054.000  2.187955e+00 
 3055.000  2.164303e+00 
 3056.000  2.186622e+00 
 3057.000  2.181089e+00 
 3058.000  2.149540e+00 
 3059.000  2.454034e+00 
 3060.000  2.461669e+00 
 3061.000  2.461581e+00 
 3062.000  2.458349e+00 
 3063.000  2.706832e+00 
 3064.000  2.669250e+00 
 3065.000  2.675678e+00 
 3066.000  2.698080e+00 
 3067.000  2.673001e+00 
 3068.000  2.784385e+00 
 3069.000  2.825543e+00 
 3070.000  2.824410e+00 
 3071.000  2.816664e+00 
 3072.000  2.818658e+00 
 3073.000  2.845741e+00 
 3074.000  2.835495e+00 
 3075.000  2.842217e+00 
 3076.000  2.818163e+00 
 3077.000  2.381656e+00 
 3078.000  2.382295e+00 
 3079.000  2.376773e+00 
 3080.000  2.371515e+00 
 3081.000  2.359675e+00 
 3082.000  2.185359e+00 
 3083.000  2.181461e+00 
 3084.000  2.190966e+00 
 3085.000  2.188150e+00 
 3086.000  2.171267e+00 
 3087.000  1.946310e+00 
 3088.000  1.956618e+00 
 3089.000  1.955514e+00 
 3090.000  1.955080e+00 
 3091.000  1.934329e+00 
 3092.000  1.657108e+00 
 3093.000  1.656425e+00 
 3094.000  1.653491e+00 
 3095.000  1.650039e+00 
 3096.000  1.692246e+00 
 3097.000  1.686043e+00 
 3098.000  1.653253e+00 
 3099.000  1.679819e+00 
 3100.000  1.685757e+00 
 3101.000  1.763420e+00 
 3102.000  1.761251e+00 
 3103.000  1.761121e+00 
 3104.000  1.758610e+00 
 3105.000  1.759389e+00 
 3106.000  2.054834e+00 
 3107.000  2.046031e+00 
 3108.000  2.054378e+00 
 3109.000  2.050658e+00 
 3110.000  2.048483e+00 
 3111.000  2.595198e+00 
 3112.000  2.589527e+00 
 3113.000  2.573725e+00 
 3114.000  2.575721e+00 
 3115.000  2.507962e+00 
 3116.000  3.437293e+00 
 3117.000  3.579501e+00 
 3118.000  3.594250e+00 
 3119.000  3.579627e+00 
 3120.000  3.583556e+00 
 3121.000  4.070571e+00 
 3122.000  4.081139e+00 
 3123.000  4.088248e+00 
 3124.000  4.084647e+00 
 3125.000  4.103079e+00 
 3126.000  4.591458e+00 
 3127.000  4.568145e+00 
 3128.000  4.585994e+00 
 3129.000  4.543277e+00 
 3130.000  4.834670e+00 
 3131.000  4.805932e+00 
 3132.000  4.828240e+00 
 3133.000  4.817102e+00 
 3134.000  4.892609e+00 
 3135.000  4.557245e+00 
 3136.000  4.551933e+00 
 3137.000  4.549689e+00 
 3138.000  4.547636e+00 
 3139.000  4.531870e+00 
 3140.000  4.610001e+00 
 3141.000  4.621023e+00 
 3142.000  4.601672e+00 
 3143.000  4.609981e+00 
 3144.000  4.697993e+00 
 3145.000  5.446326e+00 
 3146.000  5.440018e+00 
 3147.000  5.395511e+00 
 3148.000  5.420541e+00 
 3149.000  5.421396e+00 
 3150.000  6.557717e+00 
 3151.000  6.537316e+00 
 3152.000  6.190770e+00 
 3153.000  6.532663e+00 
 3154.000  6.586004e+00 
 3155.000  8.148953e+00 
 3156.000  8.141715e+00 
 3157.000  8.119286e+00 
 3158.000  8.120905e+00 
 3159.000  8.109621e+00 
 3160.000  9.394419e+00 
 3161.000  9.373059e+00 
 3162.000  9.387952e+00 
 3163.000  9.362124e+00 
 3164.000  9.284728e+00 
 3165.000  9.459435e+00 
 3166.000  9.478298e+00 
 3167.000  9.443076e+00 
 3168.000  9.384409e+00 
 3169.000  9.426743e+00 
 3170.000  8.891161e+00 
 3171.000  9.097847e+00 
 3172.000  9.093426e+00 
 3173.000  9.091459e+00 
 3174.000  8.955438e+00 
 3175.000  7.999751e+00 
 3176.000  7.987420e+00 
 3177.000  7.981761e+00 
 3178.000  7.944596e+00 
 3179.000  7.938075e+00 
 3180.000  6.420864e+00 
 3181.000  6.314306e+00 
 3182.000  6.398189e+00 
 3183.000  6.390087e+00 
 3184.000  6.276139e+00 
 3185.000  4.332520e+00 
 3186.000  4.326232e+00 
 3187.000  4.314924e+00 
 3188.000  4.307137e+00 
 3189.000  4.311909e+00 
 3190.000  2.524230e+00 
 3191.000  2.521257e+00 
 3192.000  2.518339e+00 
 3193.000  2.513996e+00 
 3194.000  2.471136e+00 
 3195.000  1.244764e+00 
 3196.000  1.237951e+00 
 3197.000  1.241769e+00 
 3198.000  1.239527e+00 
 3199.000  1.239549e+00 
 3200.000  7.748896e-01 
 3201.000  7.554796e-01 
 3202.000  7.726736e-01 
 3203.000  7.733351e-01 
 3204.000  7.695968e-01 
 3205.000  7.573620e-01 
 3206.000  5.954771e-01 
 3207.000  5.947189e-01 
 3208.000  5.940869e-01 
 3209.000  5.934518e-01 
 3210.000  5.920907e-01 
 3211.000  6.116811e-01 
 3212.000  6.107281e-01 
 3213.000  6.104467e-01 
 3214.000  6.096288e-01 
 3215.000  5.906122e-01 
 3216.000  8.241396e-01 
 3217.000  8.234207e-01 
 3218.000  8.236543e-01 
 3219.000  8.217888e-01 
 3220.000  8.213971e-01 
 3221.000  1.131444e+00 
 3222.000  1.131622e+00 
 3223.000  1.127080e+00 
 3224.000  1.121087e+00 
 3225.000  1.122616e+00 
 3226.000  1.537887e+00 
 3227.000  1.541255e+00 
 3228.000  1.537755e+00 
 3229.000  1.533707e+00 
 3230.000  1.533221e+00 
 3231.000  1.533128e+00 
 3232.000  2.205649e+00 
 3233.000  2.202523e+00 
 3234.000  2.170559e+00 
 3235.000  2.201252e+00 
 3236.000  2.204350e+00 
 3237.000  2.649147e+00 
 3238.000  2.646096e+00 
 3239.000  2.638779e+00 
 3240.000  2.637442e+00 
 3241.000  2.631129e+00 
 3242.000  2.693012e+00 
 3243.000  2.657406e+00 
 3244.000  2.691493e+00 
 3245.000  2.684944e+00 
 3246.000  2.734555e+00 
 3247.000  2.934664e+00 
 3248.000  2.930181e+00 
 3249.000  2.924411e+00 
 3250.000  2.923731e+00 
 3251.000  2.921300e+00 
 3252.000  2.916451e+00 
 3253.000  2.656257e+00 
 3254.000  2.636674e+00 
 3255.000  2.639027e+00 
 3256.000  2.646701e+00 
 3257.000  2.683816e+00 
 3258.000  2.389256e+00 
 3259.000  2.392168e+00 
 3260.000  2.367221e+00 
 3261.000  2.386952e+00 
 3262.000  2.375595e+00 
 3263.000  2.660520e+00 
 3264.000  2.664684e+00 
 3265.000  2.664602e+00 
 3266.000  2.641669e+00 
 3267.000  2.684374e+00 
 3268.000  3.244496e+00 
 3269.000  3.228624e+00 
 3270.000  3.235538e+00 
 3271.000  3.226885e+00 
 3272.000  3.228457e+00 
 3273.000  3.218906e+00 
 3274.000  3.875097e+00 
 3275.000  3.869186e+00 
 3276.000  3.809997e+00 
 3277.000  3.857459e+00 
 3278.000  3.882573e+00 
 3279.000  4.523926e+00 
 3280.000  4.509632e+00 
 3281.000  4.450937e+00 
 3282.000  4.496581e+00 
 3283.000  4.490489e+00 
 3284.000  4.500236e+00 
 3285.000  4.387399e+00 
 3286.000  4.432450e+00 
 3287.000  4.429183e+00 
 3288.000  4.422493e+00 
 3289.000  4.447615e+00 
 3290.000  3.815762e+00 
 3291.000  3.769803e+00 
 3292.000  3.803229e+00 
 3293.000  3.792195e+00 
 3294.000  3.780653e+00 
 3295.000  3.135297e+00 
 3296.000  3.086041e+00 
 3297.000  3.010654e+00 
 3298.000  3.054798e+00 
 3299.000  3.126792e+00 
 3300.000  3.188280e+00 
 3301.000  2.708917e+00 
 3302.000  2.729933e+00 
 3303.000  2.728273e+00 
 3304.000  2.727906e+00 
 3305.000  2.725201e+00 
 3306.000  2.314816e+00 
 3307.000  2.321030e+00 
 3308.000  2.316741e+00 
 3309.000  2.316375e+00 
 3310.000  2.312541e+00 
 3311.000  2.316019e+00 
 3312.000  2.231797e+00 
 3313.000  2.222127e+00 
 3314.000  2.231377e+00 
 3315.000  2.226999e+00 
 3316.000  2.208533e+00 
 3317.000  2.664352e+00 
 3318.000  2.636656e+00 
 3319.000  2.647270e+00 
 3320.000  2.403660e+00 
 3321.000  2.639921e+00 
 3322.000  2.672890e+00 
 3323.000  3.500064e+00 
 3324.000  3.506800e+00 
 3325.000  3.477557e+00 
 3326.000  3.482730e+00 
 3327.000  3.488870e+00 
 3328.000  4.359791e+00 
 3329.000  4.359478e+00 
 3330.000  4.356552e+00 
 3331.000  4.325231e+00 
 3332.000  4.319900e+00 
 3333.000  4.401601e+00 
 3334.000  4.870613e+00 
 3335.000  4.856063e+00 
 3336.000  4.856423e+00 
 3337.000  4.835183e+00 
 3338.000  4.836553e+00 
 3339.000  4.923807e+00 
 3340.000  4.877711e+00 
 3341.000  4.844726e+00 
 3342.000  4.909692e+00 
 3343.000  4.899466e+00 
 3344.000  4.962977e+00 
 3345.000  5.049902e+00 
 3346.000  5.035149e+00 
 3347.000  5.041683e+00 
 3348.000  5.039026e+00 
 3349.000  5.031114e+00 
 3350.000  4.956948e+00 
 3351.000  4.970274e+00 
 3352.000  4.974939e+00 
 3353.000  4.894465e+00 
 3354.000  4.960811e+00 
 3355.000  5.014517e+00 
 3356.000  5.420353e+00 
 3357.000  5.407196e+00 
 3358.000  5.383532e+00 
 3359.000  5.403903e+00 
 3360.000  5.396279e+00 
 3361.000  5.384320e+00 
 3362.000  5.834216e+00 
 3363.000  5.833709e+00 
 3364.000  5.832711e+00 
 3365.000  5.800471e+00 
 3366.000  5.797358e+00 
 3367.000  5.838721e+00 
 3368.000  6.459796e+00 
 3369.000  6.414320e+00 
 3370.000  6.296631e+00 
 3371.000  6.430728e+00 
 3372.000  6.441541e+00 
 3373.000  7.045648e+00 
 3374.000  6.999608e+00 
 3375.000  7.055480e+00 
 3376.000  7.051679e+00 
 3377.000  7.023557e+00 
 3378.000  7.046376e+00 
 3379.000  7.654937e+00 
 3380.000  7.666877e+00 
 3381.000  7.636330e+00 
 3382.000  7.575277e+00 
 3383.000  7.583129e+00 
 3384.000  7.595252e+00 
 3385.000  8.011937e+00 
 3386.000  8.017396e+00 
 3387.000  8.006767e+00 
 3388.000  7.993752e+00 
 3389.000  8.022301e+00 
 3390.000  8.233637e+00 
 3391.000  8.224256e+00 
 3392.000  8.207271e+00 
 3393.000  8.196318e+00 
 3394.000  8.189521e+00 
 3395.000  8.173207e+00 
 3396.000  8.213882e+00 
 3397.000  7.947039e+00 
 3398.000  8.170342e+00 
 3399.000  8.041121e+00 
 3400.000  8.243963e+00 
 3401.000  7.853919e+00 
 3402.000  8.331121e+00 
 3403.000  8.329661e+00 
 3404.000  8.341228e+00 
 3405.000  8.326263e+00 
 3406.000  8.319918e+00 
 3407.000  8.263606e+00 
 3408.000  8.615952e+00 
 3409.000  8.475468e+00 
 3410.000  8.545102e+00 
 3411.000  8.586108e+00 
 3412.000  8.609576e+00 
 3413.000  9.007773e+00 
 3414.000  9.019914e+00 
 3415.000  8.882086e+00 
 3416.000  8.777073e+00 
 3417.000  8.984146e+00 
 3418.000  9.008309e+00 
 3419.000  9.275164e+00 
 3420.000  9.272708e+00 
 3421.000  9.254871e+00 
 3422.000  9.215964e+00 
 3423.000  9.238258e+00 
 3424.000  9.245004e+00 
 3425.000  9.498445e+00 
 3426.000  9.487000e+00 
 3427.000  9.240790e+00 
 3428.000  9.348783e+00 
 3429.000  9.427093e+00 
 3430.000  9.441213e+00 
 3431.000  9.392684e+00 
 3432.000  9.438489e+00 
 3433.000  9.408511e+00 
 3434.000  9.413934e+00 
 3435.000  9.379743e+00 
 3436.000  9.402038e+00 
 3437.000  9.364331e+00 
 3438.000  9.376881e+00 
 3439.000  9.367559e+00 
 3440.000  9.353917e+00 
 3441.000  9.347636e+00 
 3442.000  9.264612e+00 
 3443.000  9.410900e+00 
 3444.000  9.398096e+00 
 3445.000  9.370932e+00 
 3446.000  9.351538e+00 
 3447.000  9.364868e+00 
 3448.000  9.348682e+00 
 3449.000  9.429381e+00 
 3450.000  9.415859e+00 
 3451.000  9.419660e+00 
 3452.000  9.404602e+00 
 3453.000  9.394821e+00 
 3454.000  9.367557e+00 
 3455.000  9.496272e+00 
 3456.000  9.455701e+00 
 3457.000  9.469967e+00 
 3458.000  9.451880e+00 
 3459.000  9.460234e+00 
 3460.000  9.440002e+00 
 3461.000  9.536609e+00 
 3462.000  9.531327e+00 
 3463.000  9.523636e+00 
 3464.000  9.495828e+00 
 3465.000  9.496274e+00 
 3466.000  9.440605e+00 
 3467.000  9.431142e+00 
 3468.000  9.440160e+00 
 3469.000  9.431351e+00 
 3470.000  9.429141e+00 
 3471.000  9.346757e+00 
 3472.000  9.386433e+00 
 3473.000  9.330063e+00 
 3474.000  9.380401e+00 
 3475.000  9.365184e+00 
 3476.000  9.376979e+00 
 3477.000  9.275447e+00 
 3478.000  9.361547e+00 
 3479.000  9.374430e+00 
 3480.000  9.362535e+00 
 3481.000  9.332137e+00 
 3482.000  9.345312e+00 
 3483.000  9.331170e+00 
 3484.000  9.307579e+00 
 3485.000  9.348134e+00 
 3486.000  9.305701e+00 
 3487.000  9.329116e+00 
 3488.000  9.335731e+00 
 3489.000  9.324616e+00 
 3490.000  9.273473e+00 
 3491.000  9.408527e+00 
 3492.000  9.360152e+00 
 3493.000  9.386413e+00 
 3494.000  9.299599e+00 
 3495.000  9.365142e+00 
 3496.000  9.376019e+00 
 3497.000  9.412987e+00 
 3498.000  9.396316e+00 
 3499.000  9.390083e+00 
 3500.000  9.381686e+00 
 3501.000  9.285160e+00 
 3502.000  9.358755e+00 
 3503.000  9.345147e+00 
 3504.000  9.337138e+00 
 3505.000  9.326438e+00 
 3506.000  9.318801e+00 
 3507.000  9.306683e+00 
 3508.000  9.278149e+00 
 3509.000  9.182678e+00 
 3510.000  9.174541e+00 
 3511.000  9.166256e+00 
 3512.000  9.130180e+00 
 3513.000  9.140217e+00 
 3514.000  9.129605e+00 
 3515.000  8.937423e+00 
 3516.000  8.898767e+00 
 3517.000  8.910809e+00 
 3518.000  8.888881e+00 
 3519.000  8.890820e+00 
 3520.000  8.873090e+00 
 3521.000  8.879378e+00 
 3522.000  8.627393e+00 
 3523.000  8.609211e+00 
 3524.000  8.525309e+00 
 3525.000  8.616404e+00 
 3526.000  8.608955e+00 
 3527.000  8.584183e+00 
 3528.000  8.292674e+00 
 3529.000  8.282485e+00 
 3530.000  8.286506e+00 
 3531.000  8.233832e+00 
 3532.000  8.271597e+00 
 3533.000  8.262781e+00 
 3534.000  7.981312e+00 
 3535.000  7.951455e+00 
 3536.000  8.015036e+00 
 3537.000  8.005039e+00 
 3538.000  7.842100e+00 
 3539.000  7.935981e+00 
 3540.000  7.919034e+00 
 3541.000  7.930415e+00 
 3542.000  7.912978e+00 
 3543.000  7.906950e+00 
 3544.000  7.903665e+00 
 3545.000  7.882530e+00 
 3546.000  7.878166e+00 
 3547.000  7.844742e+00 
 3548.000  7.826202e+00 
 3549.000  7.827057e+00 
 3550.000  7.820259e+00 
 3551.000  7.808828e+00 
 3552.000  7.801363e+00 
 3553.000  7.856193e+00 
 3554.000  7.859281e+00 
 3555.000  7.801320e+00 
 3556.000  7.650549e+00 
 3557.000  7.834837e+00 
 3558.000  7.819870e+00 
 3559.000  7.861815e+00 
 3560.000  7.683379e+00 
 3561.000  7.827832e+00 
 3562.000  7.842082e+00 
 3563.000  7.830281e+00 
 3564.000  7.796063e+00 
 3565.000  7.816489e+00 
 3566.000  7.682877e+00 
 3567.000  7.677886e+00 
 3568.000  7.672433e+00 
 3569.000  7.653603e+00 
 3570.000  7.638025e+00 
 3571.000  7.464801e+00 
 3572.000  7.631990e+00 
 3573.000  7.632111e+00 
 3574.000  7.616809e+00 
 3575.000  7.611677e+00 
 3576.000  7.609331e+00 
 3577.000  7.587644e+00 
 3578.000  7.625268e+00 
 3579.000  7.617271e+00 
 3580.000  7.504878e+00 
 3581.000  7.582786e+00 
 3582.000  7.581537e+00 
 3583.000  7.589388e+00 
 3584.000  7.490334e+00 
 3585.000  7.627284e+00 
 3586.000  7.626264e+00 
 3587.000  7.617141e+00 
 3588.000  7.625761e+00 
 3589.000  7.612528e+00 
 3590.000  7.611558e+00 
 3591.000  7.818993e+00 
 3592.000  7.816872e+00 
 3593.000  7.786819e+00 
 3594.000  7.789522e+00 
 3595.000  7.797356e+00 
 3596.000  7.699973e+00 
 3597.000  7.704449e+00 
 3598.000  7.994731e+00 
 3599.000  7.950328e+00 
 3600.000  7.964062e+00 
 3601.000  7.937512e+00 
 3602.000  7.963043e+00 
 3603.000  7.943969e+00 
 3604.000  8.069804e+00 
 3605.000  8.050916e+00 
 3606.000  8.058584e+00 
 3607.000  8.034668e+00 
 3608.000  8.038145e+00 
 3609.000  8.022711e+00 
 3610.000  8.006214e+00 
 3611.000  8.199299e+00 
 3612.000  8.182881e+00 
 3613.000  8.175376e+00 
 3614.000  8.172531e+00 
 3615.000  8.163583e+00 
 3616.000  8.151434e+00 
 3617.000  8.329837e+00 
 3618.000  8.320753e+00 
 3619.000  8.310595e+00 
 3620.000  8.301207e+00 
 3621.000  8.289710e+00 
 3622.000  8.288211e+00 
 3623.000  8.275738e+00 
 3624.000  8.337239e+00 
 3625.000  8.330308e+00 
 3626.000  8.335777e+00 
 3627.000  8.328501e+00 
 3628.000  8.318173e+00 
 3629.000  8.288837e+00 
 3630.000  8.421442e+00 
 3631.000  8.460713e+00 
 3632.000  8.461635e+00 
 3633.000  8.448560e+00 
 3634.000  8.439375e+00 
 3635.000  8.435798e+00 
 3636.000  8.409433e+00 
 3637.000  8.492135e+00 
 3638.000  8.517750e+00 
 3639.000  8.512691e+00 
 3640.000  8.472067e+00 
 3641.000  8.496783e+00 
 3642.000  8.479445e+00 
 3643.000  8.401715e+00 
 3644.000  8.268721e+00 
 3645.000  8.310876e+00 
 3646.000  8.374785e+00 
 3647.000  8.351409e+00 
 3648.000  8.350196e+00 
 3649.000  8.318280e+00 
 3650.000  8.140570e+00 
 3651.000  8.123406e+00 
 3652.000  8.102097e+00 
 3653.000  7.930441e+00 
 3654.000  7.938281e+00 
 3655.000  8.065013e+00 
 3656.000  8.072087e+00 
 3657.000  7.668925e+00 
 3658.000  7.646730e+00 
 3659.000  7.536820e+00 
 3660.000  7.554962e+00 
 3661.000  7.647230e+00 
 3662.000  7.619570e+00 
 3663.000  7.613402e+00 
 3664.000  7.112087e+00 
 3665.000  7.106981e+00 
 3666.000  7.098110e+00 
 3667.000  7.091664e+00 
 3668.000  6.982262e+00 
 3669.000  7.071755e+00 
 3670.000  6.857331e+00 
 3671.000  6.721922e+00 
 3672.000  6.832612e+00 
 3673.000  6.826939e+00 
 3674.000  6.828274e+00 
 3675.000  6.819215e+00 
 3676.000  6.812356e+00 
 3677.000  6.893525e+00 
 3678.000  7.017517e+00 
 3679.000  6.781882e+00 
 3680.000  7.022459e+00 
 3681.000  7.018628e+00 
 3682.000  6.920598e+00 
 3683.000  6.724982e+00 
 3684.000  7.286337e+00 
 3685.000  7.373558e+00 
 3686.000  7.389859e+00 
 3687.000  7.356672e+00 
 3688.000  7.373881e+00 
 3689.000  7.339248e+00 
 3690.000  7.303941e+00 
 3691.000  7.745965e+00 
 3692.000  7.733705e+00 
 3693.000  7.756744e+00 
 3694.000  7.733798e+00 
 3695.000  7.694089e+00 
 3696.000  7.684621e+00 
 3697.000  7.893880e+00 
 3698.000  7.896624e+00 
 3699.000  7.648485e+00 
 3700.000  7.686291e+00 
 3701.000  7.753774e+00 
 3702.000  7.820336e+00 
 3703.000  7.972868e+00 
 3704.000  7.997653e+00 
 3705.000  7.831073e+00 
 3706.000  7.928868e+00 
 3707.000  7.874350e+00 
 3708.000  7.929620e+00 
 3709.000  7.764764e+00 
 3710.000  7.939179e+00 
 3711.000  7.838056e+00 
 3712.000  7.771864e+00 
 3713.000  7.872701e+00 
 3714.000  7.830055e+00 
 3715.000  7.774547e+00 
 3716.000  7.840066e+00 
 3717.000  7.857327e+00 
 3718.000  7.829301e+00 
 3719.000  7.800210e+00 
 3720.000  7.831411e+00 
 3721.000  7.754175e+00 
 3722.000  7.763190e+00 
 3723.000  7.803521e+00 
 3724.000  7.796134e+00 
 3725.000  7.656181e+00 
 3726.000  7.687001e+00 
 3727.000  7.657727e+00 
 3728.000  7.662379e+00 
 3729.000  7.623775e+00 
 3730.000  7.647981e+00 
 3731.000  7.628945e+00 
 3732.000  7.560094e+00 
 3733.000  7.569526e+00 
 3734.000  7.558797e+00 
 3735.000  7.468379e+00 
 3736.000  7.417254e+00 
 3737.000  7.472849e+00 
 3738.000  7.383216e+00 
 3739.000  7.197611e+00 
 3740.000  7.087477e+00 
 3741.000  7.023828e+00 
 3742.000  7.290184e+00 
 3743.000  7.377230e+00 
 3744.000  7.361289e+00 
 3745.000  7.134348e+00 
 3746.000  6.987908e+00 
 3747.000  7.134314e+00 
 3748.000  7.316373e+00 
 3749.000  7.292810e+00 
 3750.000  7.258349e+00 
 3751.000  7.247132e+00 
 3752.000  7.303321e+00 
 3753.000  7.057227e+00 
 3754.000  7.152588e+00 
 3755.000  7.193171e+00 
 3756.000  7.229835e+00 
 3757.000  7.209877e+00 
 3758.000  7.160195e+00 
 3759.000  7.176763e+00 
 3760.000  7.196306e+00 
 3761.000  7.229152e+00 
 3762.000  7.170492e+00 
 3763.000  7.065463e+00 
 3764.000  7.188706e+00 
 3765.000  7.162201e+00 
 3766.000  7.181054e+00 
 3767.000  7.182572e+00 
 3768.000  7.147670e+00 
 3769.000  7.131543e+00 
 3770.000  7.142925e+00 
 3771.000  7.097795e+00 
 3772.000  7.139007e+00 
 3773.000  7.038858e+00 
 3774.000  7.170207e+00 
 3775.000  7.193989e+00 
 3776.000  7.060503e+00 
 3777.000  7.045304e+00 
 3778.000  7.165976e+00 
 3779.000  7.139480e+00 
 3780.000  7.115267e+00 
 3781.000  7.168878e+00 
 3782.000  7.115438e+00 
 3783.000  7.189683e+00 
 3784.000  7.170183e+00 
 3785.000  7.169720e+00 
 3786.000  7.149552e+00 
 3787.000  6.983273e+00 
 3788.000  7.182020e+00 
 3789.000  7.177620e+00 
 3790.000  7.184004e+00 
 3791.000  7.053806e+00 
 3792.000  7.137150e+00 
 3793.000  7.061318e+00 
 3794.000  7.152671e+00 
 3795.000  7.116411e+00 
 3796.000  7.240229e+00 
 3797.000  7.244879e+00 
 3798.000  7.213366e+00 
 3799.000  7.165884e+00 
 3800.000  7.086222e+00 
 3801.000  7.224734e+00 
 3802.000  7.198495e+00 
 3803.000  7.253463e+00 
 3804.000  7.226046e+00 
 3805.000  7.230112e+00 
 3806.000  7.212496e+00 
 3807.000  7.119457e+00 
 3808.000  7.164521e+00 
 3809.000  7.186940e+00 
 3810.000  7.218927e+00 
 3811.000  7.250417e+00 
 3812.000  7.267976e+00 
 3813.000  7.218494e+00 
 3814.000  7.244511e+00 
 3815.000  7.242734e+00 
 3816.000  7.175425e+00 
 3817.000  7.252614e+00 
 3818.000  7.201664e+00 
 3819.000  7.308350e+00 
 3820.000  7.312237e+00 
 3821.000  7.308830e+00 
 3822.000  7.299270e+00 
 3823.000  7.262572e+00 
 3824.000  7.271056e+00 
 3825.000  7.259932e+00 
 3826.000  7.261182e+00 
 3827.000  7.256697e+00 
 3828.000  7.231883e+00 
 3829.000  7.233343e+00 
 3830.000  7.235165e+00 
 3831.000  7.220778e+00 
 3832.000  7.186044e+00 
 3833.000  7.141633e+00 
 3834.000  7.166811e+00 
 3835.000  7.112009e+00 
 3836.000  7.056753e+00 
 3837.000  7.113768e+00 
 3838.000  7.139701e+00 
 3839.000  7.101769e+00 
 3840.000  7.095804e+00 
 3841.000  7.088430e+00 
 3842.000  7.075294e+00 
 3843.000  7.067837e+00 
 3844.000  7.059562e+00 
 3845.000  7.056877e+00 
 3846.000  7.061305e+00 
 3847.000  6.939109e+00 
 3848.000  6.936301e+00 
 3849.000  6.929020e+00 
 3850.000  6.892281e+00 
 3851.000  6.903233e+00 
 3852.000  6.903769e+00 
 3853.000  6.876843e+00 
 3854.000  6.782246e+00 
 3855.000  6.776619e+00 
 3856.000  6.769439e+00 
 3857.000  6.756643e+00 
 3858.000  6.741823e+00 
 3859.000  6.708389e+00 
 3860.000  6.691910e+00 
 3861.000  6.727312e+00 
 3862.000  6.632403e+00 
 3863.000  6.473729e+00 
 3864.000  6.571092e+00 
 3865.000  6.593974e+00 
 3866.000  6.605928e+00 
 3867.000  6.528794e+00 
 3868.000  6.566308e+00 
 3869.000  6.445573e+00 
 3870.000  6.482062e+00 
 3871.000  6.447328e+00 
 3872.000  6.362495e+00 
 3873.000  6.464189e+00 
 3874.000  6.454709e+00 
 3875.000  6.440226e+00 
 3876.000  6.456791e+00 
 3877.000  6.450542e+00 
 3878.000  6.442951e+00 
 3879.000  6.432854e+00 
 3880.000  6.428791e+00 
 3881.000  6.417384e+00 
 3882.000  6.395158e+00 
 3883.000  6.388550e+00 
 3884.000  6.457801e+00 
 3885.000  6.281954e+00 
 3886.000  6.371762e+00 
 3887.000  6.442555e+00 
 3888.000  6.442432e+00 
 3889.000  6.441053e+00 
 3890.000  6.420224e+00 
 3891.000  6.412798e+00 
 3892.000  6.497141e+00 
 3893.000  6.495280e+00 
 3894.000  6.468959e+00 
 3895.000  6.484847e+00 
 3896.000  6.455472e+00 
 3897.000  6.387994e+00 
 3898.000  6.358735e+00 
 3899.000  6.512070e+00 
 3900.000  6.466058e+00 
 3901.000  6.497000e+00 
 3902.000  6.495532e+00 
 3903.000  6.478487e+00 
 3904.000  6.485192e+00 
 3905.000  6.477736e+00 
 3906.000  6.453856e+00 
 3907.000  6.492273e+00 
 3908.000  6.476254e+00 
 3909.000  6.479918e+00 
 3910.000  6.475532e+00 
 3911.000  6.471742e+00 
 3912.000  6.467987e+00 
 3913.000  6.458760e+00 
 3914.000  6.479259e+00 
 3915.000  6.490653e+00 
 3916.000  6.473735e+00 
 3917.000  6.472115e+00 
 3918.000  6.457004e+00 
 3919.000  6.445280e+00 
 3920.000  6.464993e+00 
 3921.000  6.434008e+00 
 3922.000  6.505985e+00 
 3923.000  6.504927e+00 
 3924.000  6.498600e+00 
 3925.000  6.498824e+00 
 3926.000  6.476681e+00 
 3927.000  6.478843e+00 
 3928.000  6.488908e+00 
 3929.000  6.482444e+00 
 3930.000  6.566246e+00 
 3931.000  6.562097e+00 
 3932.000  6.528761e+00 
 3933.000  6.545261e+00 
 3934.000  6.464166e+00 
 3935.000  6.507602e+00 
 3936.000  6.536957e+00 
 3937.000  6.533500e+00 
 3938.000  6.590507e+00 
 3939.000  6.619223e+00 
 3940.000  6.613748e+00 
 3941.000  6.604951e+00 
 3942.000  6.603965e+00 
 3943.000  6.600669e+00 
 3944.000  6.544958e+00 
 3945.000  6.766729e+00 
 3946.000  6.746296e+00 
 3947.000  6.746994e+00 
 3948.000  6.712353e+00 
 3949.000  6.732091e+00 
 3950.000  6.659689e+00 
 3951.000  6.706767e+00 
 3952.000  6.471249e+00 
 3953.000  6.688651e+00 
 3954.000  6.681723e+00 
 3955.000  6.670726e+00 
 3956.000  6.609878e+00 
 3957.000  6.622638e+00 
 3958.000  6.566433e+00 
 3959.000  6.581654e+00 
 3960.000  6.652301e+00 
 3961.000  6.670196e+00 
 3962.000  6.610425e+00 
 3963.000  6.660710e+00 
 3964.000  6.628754e+00 
 3965.000  6.623797e+00 
 3966.000  6.630298e+00 
 3967.000  6.623589e+00 
 3968.000  6.636241e+00 
 3969.000  6.601834e+00 
 3970.000  6.581850e+00 
 3971.000  6.554765e+00 
 3972.000  6.588547e+00 
 3973.000  6.528073e+00 
 3974.000  6.551965e+00 
 3975.000  6.571826e+00 
 3976.000  6.567492e+00 
 3977.000  6.462163e+00 
 3978.000  6.489429e+00 
 3979.000  6.467392e+00 
 3980.000  6.474424e+00 
 3981.000  6.488229e+00 
 3982.000  6.474233e+00 
 3983.000  6.445703e+00 
 3984.000  6.442663e+00 
 3985.000  6.376647e+00 
 3986.000  6.234878e+00 
 3987.000  6.412337e+00 
 3988.000  6.418520e+00 
 3989.000  6.374507e+00 
 3990.000  6.371425e+00 
 3991.000  6.278349e+00 
 3992.000  6.354487e+00 
 3993.000  6.234112e+00 
 3994.000  6.224876e+00 
 3995.000  6.187645e+00 
 3996.000  6.083818e+00 
 3997.000  6.242983e+00 
 3998.000  6.208973e+00 
 3999.000  6.091561e+00 
 4000.000  6.151702e+00 