  290.000  0.000000e+00  0.000000e+00  0.000000e+00  0.000000e+00  0.000000e+00  0.000000e+00 
  291.000  0.000000e+00  0.000000e+00  0.000000e+00  0.000000e+00  0.000000e+00  0.000000e+00 
  292.000  9.855577e-08  3.716957e-03  1.195496e-04  8.527119e-07  4.773105e-04  1.902691e-05 
  293.000  2.154883e-07  8.331210e-03  2.679591e-04  1.867483e-06  1.075436e-03  4.264701e-05 
  294.000  8.896505e-07  3.564952e-02  1.146604e-03  7.722630e-06  4.632816e-03  1.824877e-04 
  295.000  1.897224e-06  7.774738e-02  2.500607e-03  1.649595e-05  1.014849e-02  3.979840e-04 
  296.000  7.704069e-06  3.258663e-01  1.048091e-02  6.709530e-05  4.277787e-02  1.668088e-03 
  297.000  8.492939e-06  3.668147e-01  1.179793e-02  7.408709e-05  4.834251e-02  1.877699e-03 
  298.000  3.353072e-05  1.489678e+00  4.791277e-02  2.929822e-04  1.972559e-01  7.625554e-03 
  299.000  5.429972e-05  2.448584e+00  7.875419e-02  4.752364e-04  3.251608e-01  1.253412e-02 
  300.000  8.191709e-05  3.778467e+00  1.215274e-01  7.181258e-04  5.036477e-01  1.934168e-02 
  301.000  1.976650e-04  9.274279e+00  2.982898e-01  1.735683e-03  1.239697e+00  4.747430e-02 
  302.000  2.012692e-04  9.562686e+00  3.075658e-01  1.770240e-03  1.281186e+00  4.895062e-02 
  303.000  4.669947e-04  2.259830e+01  7.268317e-01  4.114165e-03  3.035709e+00  1.156789e-01 
  304.000  5.135161e-04  2.498381e+01  8.035569e-01  4.531456e-03  3.360780e+00  1.278901e-01 
  305.000  8.442384e-04  4.171864e+01  1.341801e+00  7.462150e-03  5.624107e+00  2.135542e-01 
  306.000  8.896450e-04  4.424813e+01  1.423157e+00  7.876460e-03  5.973226e+00  2.265024e-01 
  307.000  1.234675e-03  6.190497e+01  1.991055e+00  1.094920e-02  8.367482e+00  3.168862e-01 
  308.000  1.534082e-03  7.734298e+01  2.487589e+00  1.362681e-02  1.046659e+01  3.959121e-01 
  309.000  1.600360e-03  8.078643e+01  2.598341e+00  1.423896e-02  1.093980e+01  4.135388e-01 
  310.000  1.666058e-03  8.509818e+01  2.737019e+00  1.484796e-02  1.154056e+01  4.356101e-01 
  311.000  3.174365e-03  1.620656e+02  5.212527e+00  2.833675e-02  2.198948e+01  8.295994e-01 
  312.000  2.625719e-03  1.345631e+02  4.327962e+00  2.347783e-02  1.827169e+01  6.888165e-01 
  313.000  3.282650e-03  1.686417e+02  5.424035e+00  2.940027e-02  2.291442e+01  8.632619e-01 
  314.000  3.377792e-03  1.727592e+02  5.556468e+00  3.030236e-02  2.347745e+01  8.843394e-01 
  315.000  3.915811e-03  2.012882e+02  6.474045e+00  3.505159e-02  2.737647e+01  1.030376e+00 
  316.000  3.066405e-03  1.568939e+02  5.046191e+00  2.738788e-02  2.134217e+01  8.031263e-01 
  317.000  4.413437e-03  2.253797e+02  7.248904e+00  3.933225e-02  3.066741e+01  1.153699e+00 
  318.000  4.291144e-03  2.184292e+02  7.025356e+00  3.815827e-02  2.972878e+01  1.118120e+00 
  319.000  4.685404e-03  2.397750e+02  7.711902e+00  4.157254e-02  3.265401e+01  1.227387e+00 
  320.000  4.760463e-03  2.388949e+02  7.683598e+00  4.214565e-02  3.251321e+01  1.222883e+00 
  321.000  5.599695e-03  2.844917e+02  9.150129e+00  4.946667e-02  3.875546e+01  1.456288e+00 
  322.000  5.139080e-03  2.567886e+02  8.259116e+00  4.529798e-02  3.496684e+01  1.314479e+00 
  323.000  4.445310e-03  2.221800e+02  7.145995e+00  3.909669e-02  3.026101e+01  1.137321e+00 
  324.000  5.525087e-03  2.767632e+02  8.901560e+00  4.848674e-02  3.771394e+01  1.416727e+00 
  325.000  6.370734e-03  3.138081e+02  1.009304e+01  5.578526e-02  4.273837e+01  1.606358e+00 
  326.000  8.634224e-03  4.266016e+02  1.372083e+01  7.543967e-02  5.812324e+01  2.183738e+00 
  327.000  8.782387e-03  4.319191e+02  1.389186e+01  7.656600e-02  5.885608e+01  2.210958e+00 
  328.000  7.533726e-03  3.646596e+02  1.172859e+01  6.553612e-02  4.966460e+01  1.866662e+00 
  329.000  8.760215e-03  4.259422e+02  1.369963e+01  7.603846e-02  5.803674e+01  2.180363e+00 
  330.000  9.269498e-03  4.481176e+02  1.441286e+01  8.028279e-02  6.106138e+01  2.293877e+00 
  331.000  7.730254e-03  3.690699e+02  1.187044e+01  6.680493e-02  5.027268e+01  1.889239e+00 
  332.000  8.471938e-03  4.041743e+02  1.299951e+01  7.305440e-02  5.506416e+01  2.068936e+00 
  333.000  9.689455e-03  4.596504e+02  1.478379e+01  8.337043e-02  6.262207e+01  2.352914e+00 
  334.000  8.278240e-03  3.887847e+02  1.250453e+01  7.107230e-02  5.295327e+01  1.990158e+00 
  335.000  8.921616e-03  4.179925e+02  1.344395e+01  7.642861e-02  5.693782e+01  2.139671e+00 
  336.000  6.772421e-03  3.155586e+02  1.014935e+01  5.789038e-02  4.298378e+01  1.615320e+00 
  337.000  6.590202e-03  3.044636e+02  9.792505e+00  5.620985e-02  4.146519e+01  1.558526e+00 
  338.000  8.108700e-03  3.726863e+02  1.198676e+01  6.901046e-02  5.075424e+01  1.907753e+00 
  339.000  8.231636e-03  3.764883e+02  1.210905e+01  6.990387e-02  5.127134e+01  1.927215e+00 
  340.000  9.402647e-03  4.267946e+02  1.372706e+01  7.967407e-02  5.811388e+01  2.184730e+00 
  341.000  8.004458e-03  3.614709e+02  1.162604e+01  6.767855e-02  4.921527e+01  1.850343e+00 
  342.000  8.475777e-03  3.806361e+02  1.224246e+01  7.150742e-02  5.182004e+01  1.948448e+00 
  343.000  8.610386e-03  3.842704e+02  1.235935e+01  7.248485e-02  5.230840e+01  1.967052e+00 
  344.000  7.885994e-03  3.496443e+02  1.124567e+01  6.624216e-02  4.758998e+01  1.789804e+00 
  345.000  1.021519e-02  4.510648e+02  1.450768e+01  8.569179e-02  6.139772e+01  2.308969e+00 
  346.000  1.143899e-02  5.025993e+02  1.616519e+01  9.582848e-02  6.841117e+01  2.572770e+00 
  347.000  1.099006e-02  4.803644e+02  1.545005e+01  9.194349e-02  6.538144e+01  2.458952e+00 
  348.000  1.045038e-02  4.543762e+02  1.461419e+01  8.731073e-02  6.184009e+01  2.325920e+00 
  349.000  1.156540e-02  5.002827e+02  1.609069e+01  9.649654e-02  6.808286e+01  2.560912e+00 
  350.000  1.193641e-02  5.136458e+02  1.652049e+01  9.945794e-02  6.989559e+01  2.629317e+00 
  351.000  1.144065e-02  4.897985e+02  1.575349e+01  9.519876e-02  6.664511e+01  2.507245e+00 
  352.000  1.183870e-02  5.042039e+02  1.621681e+01  9.837848e-02  6.859880e+01  2.580986e+00 
  353.000  1.089459e-02  4.617411e+02  1.485107e+01  9.041122e-02  6.281634e+01  2.363622e+00 
  354.000  1.269052e-02  5.352072e+02  1.721398e+01  1.051734e-01  7.280412e+01  2.739690e+00 
  355.000  1.297787e-02  5.445779e+02  1.751538e+01  1.074102e-01  7.406995e+01  2.787659e+00 
  356.000  1.238138e-02  5.169176e+02  1.662573e+01  1.023358e-01  7.029774e+01  2.646068e+00 
  357.000  7.986609e-03  3.316742e+02  1.066771e+01  6.592293e-02  4.509683e+01  1.697819e+00 
  358.000  8.755347e-03  3.616920e+02  1.163318e+01  7.217108e-02  4.916776e+01  1.851478e+00 
  359.000  8.885097e-03  3.652007e+02  1.174603e+01  7.314225e-02  4.963554e+01  1.869439e+00 
  360.000  1.329167e-02  5.438199e+02  1.749101e+01  1.092704e-01  7.390496e+01  2.783780e+00 
  361.000  1.061878e-02  4.329337e+02  1.392455e+01  8.717937e-02  5.884150e+01  2.216161e+00 
  362.000  1.173541e-02  4.769463e+02  1.534013e+01  9.621748e-02  6.483398e+01  2.441458e+00 
  363.000  1.257739e-02  5.093513e+02  1.638239e+01  1.029823e-01  6.924406e+01  2.607338e+00 
  364.000  1.265061e-02  5.103370e+02  1.641409e+01  1.034430e-01  6.937791e+01  2.612384e+00 
  365.000  1.193711e-02  4.796357e+02  1.542664e+01  9.747778e-02  6.520191e+01  2.455226e+00 
  366.000  1.650828e-02  6.606781e+02  2.124956e+01  1.346249e-01  8.980866e+01  3.381972e+00 
  367.000  1.488302e-02  5.932637e+02  1.908129e+01  1.212081e-01  8.064001e+01  3.036882e+00 
  368.000  1.413943e-02  5.614111e+02  1.805681e+01  1.149980e-01  7.630589e+01  2.873831e+00 
  369.000  1.369990e-02  5.418535e+02  1.742778e+01  1.112739e-01  7.364333e+01  2.773717e+00 
  370.000  1.586974e-02  6.252734e+02  2.011083e+01  1.287252e-01  8.497579e+01  3.200739e+00 
  371.000  1.276421e-02  5.010188e+02  1.611440e+01  1.033964e-01  6.808533e+01  2.564687e+00 
  372.000  1.352933e-02  5.290770e+02  1.701685e+01  1.094476e-01  7.189405e+01  2.708315e+00 
  373.000  1.357362e-02  5.288631e+02  1.700997e+01  1.096589e-01  7.186081e+01  2.707220e+00 
  374.000  1.058065e-02  4.107475e+02  1.321098e+01  8.536478e-02  5.580794e+01  2.102593e+00 
  375.000  9.752686e-03  3.772296e+02  1.213294e+01  7.857943e-02  5.125021e+01  1.931018e+00 
  376.000  1.403622e-02  5.409194e+02  1.739774e+01  1.129416e-01  7.348228e+01  2.768937e+00 
  377.000  1.444650e-02  5.546227e+02  1.783849e+01  1.160874e-01  7.533437e+01  2.839084e+00 
  378.000  1.878996e-02  7.185369e+02  2.311051e+01  1.507880e-01  9.758234e+01  3.678152e+00 
  379.000  1.454252e-02  5.540008e+02  1.781849e+01  1.165466e-01  7.522591e+01  2.835901e+00 
  380.000  1.368785e-02  5.197581e+02  1.671713e+01  1.097555e-01  7.057014e+01  2.660614e+00 
  381.000  1.543328e-02  5.844548e+02  1.879799e+01  1.238170e-01  7.935617e+01  2.991794e+00 
  382.000  1.157842e-02  4.373797e+02  1.406757e+01  9.293988e-02  5.939013e+01  2.238924e+00 
  383.000  8.099890e-03  3.051688e+02  9.815236e+00  6.505224e-02  4.143847e+01  1.562143e+00 
  384.000  8.943808e-03  3.360339e+02  1.080796e+01  7.186820e-02  4.562882e+01  1.720141e+00 
  385.000  1.349948e-02  5.057716e+02  1.626728e+01  1.085333e-01  6.867422e+01  2.589019e+00 
  386.000  1.050743e-02  3.925561e+02  1.262590e+01  8.452260e-02  5.329898e+01  2.009475e+00 
  387.000  1.209030e-02  4.504205e+02  1.448701e+01  9.730701e-02  6.115203e+01  2.305680e+00 
  388.000  1.200090e-02  4.458438e+02  1.433981e+01  9.663890e-02  6.052712e+01  2.282252e+00 
  389.000  1.369881e-02  5.075262e+02  1.632372e+01  1.103704e-01  6.889707e+01  2.598001e+00 
  390.000  1.663494e-02  6.146392e+02  1.976884e+01  1.340979e-01  8.343301e+01  3.146308e+00 
  391.000  1.863587e-02  6.867318e+02  2.208757e+01  1.503076e-01  9.321373e+01  3.515346e+00 
  392.000  1.658287e-02  6.094726e+02  1.960266e+01  1.338204e-01  8.272231e+01  3.119861e+00 
  393.000  8.900859e-03  3.262865e+02  1.049446e+01  7.186642e-02  4.428367e+01  1.670245e+00 
  394.000  9.860675e-03  3.605473e+02  1.159640e+01  7.965838e-02  4.893085e+01  1.845624e+00 
  395.000  1.656979e-02  6.043323e+02  1.943734e+01  1.339284e-01  8.201102e+01  3.093549e+00 
  396.000  1.707160e-02  6.210874e+02  1.997624e+01  1.380579e-01  8.428026e+01  3.179317e+00 
  397.000  6.954402e-03  2.523893e+02  8.117682e+00  5.627021e-02  3.424682e+01  1.291969e+00 
  398.000  1.947409e-02  7.050424e+02  2.267652e+01  1.576546e-01  9.566230e+01  3.609080e+00 
  399.000  2.336909e-02  8.440378e+02  2.714707e+01  1.892876e-01  1.145154e+02  4.320590e+00 
  400.000  2.297651e-02  8.278954e+02  2.662788e+01  1.862071e-01  1.123190e+02  4.237958e+00 
  401.000  2.283682e-02  8.209514e+02  2.640454e+01  1.851737e-01  1.113710e+02  4.202413e+00 
  402.000  2.420091e-02  8.679993e+02  2.791776e+01  1.963390e-01  1.177474e+02  4.443249e+00 
  403.000  2.266433e-02  8.110535e+02  2.608619e+01  1.839706e-01  1.100168e+02  4.151747e+00 
  404.000  2.435241e-02  8.695249e+02  2.796683e+01  1.977787e-01  1.179423e+02  4.451059e+00 
  405.000  2.232936e-02  7.955383e+02  2.558718e+01  1.814453e-01  1.079012e+02  4.072326e+00 
  406.000  2.215704e-02  7.876921e+02  2.533482e+01  1.801408e-01  1.068316e+02  4.032161e+00 
  407.000  2.157548e-02  7.653824e+02  2.461726e+01  1.755060e-01  1.038008e+02  3.917959e+00 
  408.000  2.336878e-02  8.272559e+02  2.660733e+01  1.901950e-01  1.121866e+02  4.234687e+00 
  409.000  2.586036e-02  9.135601e+02  2.938316e+01  2.105861e-01  1.238846e+02  4.676475e+00 
  410.000  2.161496e-02  7.620205e+02  2.450914e+01  1.761087e-01  1.033299e+02  3.900751e+00 
  411.000  2.537533e-02  8.927789e+02  2.871477e+01  2.068563e-01  1.210549e+02  4.570098e+00 
  412.000  2.628521e-02  9.229462e+02  2.968505e+01  2.143881e-01  1.251392e+02  4.724523e+00 
  413.000  2.482240e-02  8.698700e+02  2.797795e+01  2.025653e-01  1.179373e+02  4.452828e+00 
  414.000  2.435523e-02  8.518284e+02  2.739767e+01  1.988587e-01  1.154856e+02  4.360474e+00 
  415.000  2.596595e-02  9.064312e+02  2.915388e+01  2.121231e-01  1.228827e+02  4.639984e+00 
  416.000  2.579795e-02  8.988644e+02  2.891051e+01  2.108633e-01  1.218512e+02  4.601250e+00 
  417.000  2.500348e-02  8.695559e+02  2.796785e+01  2.044786e-01  1.178725e+02  4.451221e+00 
  418.000  2.444997e-02  8.487387e+02  2.729830e+01  2.000586e-01  1.150453e+02  4.344659e+00 
  419.000  2.503989e-02  8.676345e+02  2.790605e+01  2.049947e-01  1.176012e+02  4.441386e+00 
  420.000  2.118607e-02  7.326948e+02  2.356594e+01  1.733402e-01  9.930734e+01  3.750636e+00 
  421.000  2.653326e-02  9.158917e+02  2.945817e+01  2.169596e-01  1.241328e+02  4.688414e+00 
  422.000  2.541384e-02  8.756213e+02  2.816294e+01  2.076811e-01  1.186707e+02  4.482272e+00 
  423.000  2.145455e-02  7.378521e+02  2.373182e+01  1.752207e-01  9.999586e+01  3.777036e+00 
  424.000  2.358897e-02  8.097911e+02  2.604562e+01  1.925368e-01  1.097416e+02  4.145289e+00 
  425.000  2.442099e-02  8.368464e+02  2.691581e+01  1.992084e-01  1.134041e+02  4.283784e+00 
  426.000  2.346589e-02  8.026876e+02  2.581715e+01  1.913022e-01  1.087713e+02  4.108927e+00 
  427.000  2.256244e-02  7.704294e+02  2.477962e+01  1.838264e-01  1.043964e+02  3.943799e+00 
  428.000  2.283721e-02  7.784603e+02  2.503792e+01  1.859535e-01  1.054811e+02  3.984909e+00 
  429.000  2.076825e-02  7.067225e+02  2.273059e+01  1.690051e-01  9.575744e+01  3.617687e+00 
  430.000  1.656604e-02  5.627700e+02  1.810059e+01  1.347282e-01  7.625000e+01  2.880799e+00 
  431.000  1.488832e-02  5.049299e+02  1.624026e+01  1.210108e-01  6.841099e+01  2.584718e+00 
  432.000  2.678840e-02  9.070128e+02  2.917261e+01  2.176030e-01  1.228836e+02  4.642966e+00 
  433.000  2.383596e-02  8.057297e+02  2.591500e+01  1.935039e-01  1.091581e+02  4.124501e+00 
  434.000  2.264599e-02  7.642703e+02  2.458153e+01  1.837331e-01  1.035381e+02  3.912272e+00 
  435.000  2.462850e-02  8.298520e+02  2.669086e+01  1.996980e-01  1.124191e+02  4.247983e+00 
  436.000  2.729855e-02  9.183674e+02  2.953782e+01  2.212149e-01  1.244063e+02  4.701089e+00 
  437.000  2.755124e-02  9.254207e+02  2.976468e+01  2.231289e-01  1.253578e+02  4.737196e+00 
  438.000  2.467065e-02  8.273830e+02  2.661145e+01  1.996798e-01  1.120740e+02  4.235344e+00 
  439.000  2.386397e-02  7.991090e+02  2.570207e+01  1.930350e-01  1.082408e+02  4.090611e+00 
  440.000  2.673673e-02  8.939484e+02  2.875243e+01  2.161429e-01  1.210830e+02  4.576091e+00 
  441.000  2.664029e-02  8.893840e+02  2.860562e+01  2.152338e-01  1.204607e+02  4.552726e+00 
  442.000  2.804761e-02  9.349694e+02  3.007180e+01  2.264684e-01  1.266304e+02  4.786076e+00 
  443.000  2.822546e-02  9.395016e+02  3.021758e+01  2.277676e-01  1.272396e+02  4.809277e+00 
  444.000  2.803286e-02  9.317133e+02  2.996708e+01  2.260779e-01  1.261799e+02  4.769409e+00 
  445.000  2.947807e-02  9.783054e+02  3.146564e+01  2.375906e-01  1.324841e+02  5.007912e+00 
  446.000  2.623216e-02  8.692959e+02  2.795953e+01  2.113023e-01  1.177163e+02  4.449897e+00 
  447.000  2.990805e-02  9.897150e+02  3.183262e+01  2.407674e-01  1.340185e+02  5.066318e+00 
  448.000  3.039317e-02  1.004453e+03  3.230664e+01  2.445258e-01  1.360128e+02  5.141761e+00 
  449.000  3.058636e-02  1.009556e+03  3.247078e+01  2.459329e-01  1.367034e+02  5.167885e+00 
  450.000  3.123956e-02  1.029812e+03  3.312227e+01  2.510345e-01  1.394454e+02  5.271574e+00 
  451.000  3.374730e-02  1.111059e+03  3.573546e+01  2.710239e-01  1.504450e+02  5.687474e+00 
  452.000  3.136003e-02  1.031139e+03  3.316497e+01  2.517008e-01  1.396209e+02  5.278369e+00 
  453.000  2.909959e-02  9.555888e+02  3.073501e+01  2.334184e-01  1.293883e+02  4.891629e+00 
  454.000  3.101311e-02  1.017126e+03  3.271424e+01  2.486182e-01  1.377172e+02  5.206634e+00 
  455.000  3.121930e-02  1.022590e+03  3.289001e+01  2.501211e-01  1.384539e+02  5.234608e+00 
  456.000  3.196605e-02  1.045722e+03  3.363401e+01  2.559508e-01  1.415820e+02  5.353019e+00 
  457.000  3.213510e-02  1.049945e+03  3.376983e+01  2.571503e-01  1.421504e+02  5.374635e+00 
  458.000  3.156030e-02  1.029892e+03  3.312485e+01  2.523996e-01  1.394321e+02  5.271984e+00 
  459.000  3.154704e-02  1.028195e+03  3.307027e+01  2.521425e-01  1.391987e+02  5.263298e+00 
  460.000  3.126321e-02  1.017721e+03  3.273340e+01  2.497583e-01  1.377770e+02  5.209682e+00 
  461.000  3.238714e-02  1.053058e+03  3.386995e+01  2.586170e-01  1.425571e+02  5.390570e+00 
  462.000  3.185047e-02  1.034387e+03  3.326943e+01  2.542136e-01  1.400256e+02  5.294994e+00 
  463.000  3.184933e-02  1.033137e+03  3.322924e+01  2.540864e-01  1.398524e+02  5.288597e+00 
  464.000  3.194070e-02  1.034922e+03  3.328664e+01  2.546975e-01  1.400903e+02  5.297734e+00 
  465.000  3.146107e-02  1.018226e+03  3.274963e+01  2.507564e-01  1.378263e+02  5.212267e+00 
  466.000  3.244403e-02  1.048851e+03  3.373465e+01  2.584709e-01  1.419672e+02  5.369035e+00 
  467.000  3.128600e-02  1.010267e+03  3.249366e+01  2.491300e-01  1.367399e+02  5.171526e+00 
  468.000  3.310809e-02  1.067867e+03  3.434627e+01  2.635169e-01  1.445300e+02  5.466379e+00 
  469.000  3.280648e-02  1.056877e+03  3.399281e+01  2.609951e-01  1.430348e+02  5.410124e+00 
  470.000  3.234437e-02  1.040711e+03  3.347284e+01  2.571999e-01  1.408373e+02  5.327368e+00 
  471.000  3.227693e-02  1.037219e+03  3.336053e+01  2.565445e-01  1.403530e+02  5.309494e+00 
  472.000  3.266321e-02  1.048263e+03  3.371575e+01  2.594944e-01  1.418339e+02  5.366028e+00 
  473.000  3.230134e-02  1.035253e+03  3.329731e+01  2.565010e-01  1.400583e+02  5.299432e+00 
  474.000  3.255571e-02  1.041955e+03  3.351289e+01  2.584009e-01  1.409475e+02  5.333742e+00 
  475.000  3.387040e-02  1.082321e+03  3.481118e+01  2.687111e-01  1.463812e+02  5.540371e+00 
  476.000  3.283272e-02  1.047307e+03  3.368503e+01  2.603583e-01  1.416117e+02  5.361138e+00 
  477.000  3.253037e-02  1.036029e+03  3.332228e+01  2.578411e-01  1.400605e+02  5.303406e+00 
  478.000  3.411351e-02  1.085652e+03  3.491831e+01  2.702639e-01  1.467765e+02  5.557423e+00 
  479.000  3.252866e-02  1.034910e+03  3.328628e+01  2.575890e-01  1.399409e+02  5.297676e+00 
  480.000  3.312911e-02  1.053820e+03  3.389450e+01  2.622222e-01  1.425272e+02  5.394476e+00 
  481.000  3.289146e-02  1.045912e+03  3.364014e+01  2.602205e-01  1.414801e+02  5.353994e+00 
  482.000  3.354720e-02  1.066250e+03  3.429430e+01  2.652859e-01  1.442477e+02  5.458107e+00 
  483.000  3.355435e-02  1.065825e+03  3.428062e+01  2.652193e-01  1.442008e+02  5.455931e+00 
  484.000  3.224113e-02  1.023363e+03  3.291490e+01  2.547213e-01  1.384609e+02  5.238569e+00 
  485.000  3.245856e-02  1.029438e+03  3.311027e+01  2.563207e-01  1.392846e+02  5.269663e+00 
  486.000  2.630165e-02  8.334728e+02  2.680737e+01  2.076041e-01  1.127704e+02  4.266526e+00 
  487.000  2.954488e-02  9.354540e+02  3.008744e+01  2.330957e-01  1.265677e+02  4.788565e+00 
  488.000  3.206208e-02  1.014280e+03  3.262276e+01  2.528384e-01  1.372311e+02  5.192074e+00 
  489.000  2.978869e-02  9.415527e+02  3.028360e+01  2.348018e-01  1.273893e+02  4.819784e+00 
  490.000  3.389528e-02  1.070440e+03  3.442905e+01  2.670473e-01  1.448250e+02  5.479554e+00 
  491.000  3.170396e-02  1.000378e+03  3.217563e+01  2.496676e-01  1.353437e+02  5.120910e+00 
  492.000  3.045445e-02  9.601262e+02  3.088099e+01  2.397166e-01  1.298954e+02  4.914861e+00 
  493.000  3.278663e-02  1.032776e+03  3.321764e+01  2.579543e-01  1.397216e+02  5.286752e+00 
  494.000  3.166151e-02  9.964891e+02  3.205055e+01  2.489873e-01  1.348097e+02  5.101003e+00 
  495.000  3.383304e-02  1.063947e+03  3.422024e+01  2.659411e-01  1.439330e+02  5.446320e+00 
  496.000  3.294169e-02  1.035050e+03  3.329081e+01  2.588149e-01  1.400211e+02  5.298397e+00 
  497.000  3.194631e-02  1.002950e+03  3.225837e+01  2.508787e-01  1.356764e+02  5.134079e+00 
  498.000  3.118302e-02  9.947380e+02  6.210640e+01  2.447711e-01  1.352901e+02  9.884542e+00 
  499.000  3.109961e-02  9.912663e+02  6.188965e+01  2.440033e-01  1.348155e+02  9.850043e+00 
  500.000  3.095462e-02  9.858734e+02  6.155296e+01  2.428123e-01  1.340795e+02  9.796457e+00 
  501.000  3.025333e-02  9.627833e+02  6.011132e+01  2.372595e-01  1.309364e+02  9.567014e+00 
  502.000  3.004772e-02  9.555038e+02  5.965682e+01  2.355955e-01  1.299438e+02  9.494679e+00 
  503.000  3.183112e-02  1.011447e+03  6.314961e+01  2.495238e-01  1.375491e+02  1.005057e+01 
  504.000  2.960857e-02  9.401108e+02  5.869577e+01  2.320505e-01  1.278454e+02  9.341722e+00 
  505.000  3.192818e-02  1.012995e+03  6.324630e+01  2.501752e-01  1.377538e+02  1.006596e+01 
  506.000  3.416647e-02  1.083230e+03  6.763141e+01  2.676545e-01  1.473023e+02  1.076387e+01 
  507.000  3.177619e-02  1.006732e+03  6.285526e+01  2.488750e-01  1.368974e+02  1.000373e+01 
  508.000  3.046100e-02  9.643912e+02  6.021172e+01  2.385222e-01  1.311379e+02  9.582993e+00 
  509.000  3.283363e-02  1.038789e+03  6.485675e+01  2.570443e-01  1.412523e+02  1.032227e+01 
  510.000  3.180087e-02  1.005419e+03  6.277328e+01  2.489047e-01  1.367124e+02  9.990678e+00 
  511.000  3.179748e-02  1.004619e+03  6.272335e+01  2.488239e-01  1.366012e+02  9.982732e+00 
  512.000  3.335993e-02  1.053265e+03  6.576054e+01  2.609931e-01  1.432132e+02  1.046611e+01 
  513.000  3.051974e-02  9.629421e+02  6.012125e+01  2.387205e-01  1.309298e+02  9.568594e+00 
  514.000  2.986738e-02  9.417301e+02  5.879688e+01  2.335669e-01  1.280434e+02  9.357815e+00 
  515.000  3.047943e-02  9.603922e+02  5.996205e+01  2.383007e-01  1.305787e+02  9.543258e+00 
  516.000  3.200427e-02  1.007770e+03  6.292009e+01  2.501680e-01  1.370179e+02  1.001404e+01 
  517.000  2.356755e-02  7.416100e+02  4.630240e+01  1.841803e-01  1.008283e+02  7.369256e+00 
  518.000  2.916834e-02  9.172415e+02  5.726794e+01  2.279004e-01  1.247043e+02  9.114476e+00 
  519.000  2.762526e-02  8.681426e+02  5.420246e+01  2.157968e-01  1.180266e+02  8.626590e+00 
  520.000  3.040469e-02  9.548650e+02  5.961697e+01  2.374565e-01  1.298141e+02  9.488335e+00 
  521.000  3.041189e-02  9.544647e+02  5.959197e+01  2.374607e-01  1.297566e+02  9.484357e+00 
  522.000  3.160938e-02  9.913823e+02  6.189693e+01  2.467568e-01  1.347716e+02  9.851201e+00 
  523.000  2.943811e-02  9.226426e+02  5.760517e+01  2.297569e-01  1.254222e+02  9.168147e+00 
  524.000  3.193048e-02  1.000074e+03  6.243962e+01  2.491543e-01  1.359433e+02  9.937573e+00 
  525.000  3.166701e-02  9.911366e+02  6.188159e+01  2.470446e-01  1.347229e+02  9.848761e+00 
  526.000  3.017032e-02  9.436749e+02  5.891832e+01  2.353170e-01  1.282676e+02  9.377142e+00 
  527.000  2.634894e-02  8.235984e+02  5.142135e+01  2.054666e-01  1.119423e+02  8.183962e+00 
  528.000  3.163802e-02  9.882616e+02  6.170209e+01  2.466564e-01  1.343182e+02  9.820193e+00 
  529.000  3.252894e-02  1.015420e+03  6.339775e+01  2.535468e-01  1.380045e+02  1.009007e+01 
  530.000  3.072993e-02  9.586428e+02  5.985284e+01  2.394717e-01  1.302835e+02  9.525876e+00 
  531.000  3.344164e-02  1.042575e+03  6.509315e+01  2.605467e-01  1.416858e+02  1.035990e+01 
  532.000  3.189490e-02  9.937552e+02  6.204509e+01  2.484417e-01  1.350479e+02  9.874783e+00 
  533.000  2.800412e-02  8.720433e+02  5.444601e+01  2.180868e-01  1.185061e+02  8.665353e+00 
  534.000  3.043984e-02  9.474351e+02  5.915310e+01  2.370038e-01  1.287525e+02  9.414508e+00 
  535.000  3.104319e-02  9.657964e+02  6.029948e+01  2.416488e-01  1.312506e+02  9.596961e+00 
  536.000  3.292537e-02  1.023907e+03  6.392760e+01  2.562437e-01  1.391505e+02  1.017439e+01 
  537.000  3.053418e-02  9.491119e+02  5.925779e+01  2.375824e-01  1.289872e+02  9.431170e+00 
  538.000  3.195089e-02  9.926703e+02  6.197736e+01  2.485513e-01  1.349073e+02  9.864004e+00 
  539.000  3.183418e-02  9.885583e+02  6.172063e+01  2.475891e-01  1.343482e+02  9.823144e+00 
  540.000  3.114364e-02  9.666304e+02  6.035156e+01  2.421655e-01  1.313674e+02  9.605249e+00 
  541.000  2.854910e-02  8.856595e+02  5.529614e+01  2.219426e-01  1.203624e+02  8.800654e+00 
  542.000  3.183697e-02  9.871607e+02  6.163338e+01  2.474483e-01  1.341554e+02  9.809256e+00 
  543.000  3.044462e-02  9.435140e+02  5.890829e+01  2.365748e-01  1.282225e+02  9.375546e+00 
  544.000  3.210352e-02  9.944218e+02  6.208672e+01  2.494113e-01  1.351390e+02  9.881409e+00 
  545.000  3.161866e-02  9.788450e+02  6.111419e+01  2.454467e-01  1.330210e+02  9.726625e+00 
  546.000  3.090918e-02  9.563368e+02  5.970889e+01  2.397462e-01  1.299609e+02  9.502965e+00 
  547.000  3.221574e-02  9.962069e+02  6.219818e+01  2.496790e-01  1.353780e+02  9.899148e+00 
  548.000  2.988538e-02  9.236307e+02  5.766689e+01  2.314319e-01  1.255143e+02  9.177970e+00 
  549.000  3.144624e-02  9.713341e+02  6.064525e+01  2.433233e-01  1.319957e+02  9.651992e+00 
  550.000  3.075453e-02  9.494424e+02  5.927844e+01  2.377795e-01  1.290195e+02  9.434456e+00 
  551.000  3.056610e-02  9.430951e+02  5.888214e+01  2.361327e-01  1.281553e+02  9.371385e+00 
  552.000  3.188815e-02  9.833425e+02  6.139499e+01  2.461475e-01  1.336228e+02  9.771317e+00 
  553.000  3.064353e-02  9.444337e+02  5.896572e+01  2.363500e-01  1.283338e+02  9.384686e+00 
  554.000  3.164975e-02  9.749027e+02  6.086806e+01  2.439149e-01  1.324720e+02  9.687453e+00 
  555.000  3.174417e-02  9.772681e+02  6.101574e+01  2.444459e-01  1.327913e+02  9.710957e+00 
  556.000  3.087482e-02  9.499780e+02  5.931189e+01  2.375605e-01  1.290809e+02  9.439780e+00 
  557.000  2.996452e-02  9.214471e+02  5.753056e+01  2.303706e-01  1.252015e+02  9.156273e+00 
  558.000  3.110901e-02  9.561001e+02  5.969413e+01  2.389775e-01  1.299071e+02  9.500614e+00 
  559.000  2.941079e-02  9.033924e+02  5.640332e+01  2.257504e-01  1.227425e+02  8.976867e+00 
  560.000  2.954622e-02  9.070173e+02  5.662964e+01  2.266078e-01  1.232310e+02  9.012888e+00 
  561.000  3.247948e-02  9.964603e+02  6.221402e+01  2.489043e-01  1.353779e+02  9.901669e+00 
  562.000  2.981698e-02  9.139921e+02  5.706511e+01  2.283170e-01  1.241569e+02  9.082195e+00 
  563.000  3.120170e-02  9.558123e+02  5.967616e+01  2.387284e-01  1.298302e+02  9.497756e+00 
  564.000  3.076871e-02  9.418688e+02  5.880560e+01  2.352266e-01  1.279256e+02  9.359201e+00 
  565.000  3.113873e-02  9.523570e+02  5.946043e+01  2.378645e-01  1.293316e+02  9.463421e+00 
  566.000  2.871720e-02  8.777300e+02  5.480109e+01  2.191903e-01  1.191914e+02  8.721866e+00 
  567.000  3.080046e-02  9.399700e+02  5.868705e+01  2.349026e-01  1.275937e+02  9.340334e+00 
  568.000  3.067058e-02  9.319896e+02  5.818881e+01  2.337245e-01  1.263229e+02  9.261037e+00 
  569.000  2.991834e-02  9.020638e+02  5.632040e+01  2.278093e-01  1.219307e+02  8.963671e+00 
  570.000  3.011126e-02  9.084105e+02  5.671666e+01  2.290940e-01  1.228396e+02  9.026736e+00 
  571.000  2.916411e-02  8.841353e+02  5.520102e+01  2.217100e-01  1.198030e+02  8.785516e+00 
  572.000  3.073143e-02  9.264155e+02  5.784080e+01  2.334376e-01  1.252887e+02  9.205649e+00 
  573.000  3.110001e-02  9.383779e+02  5.858768e+01  2.360481e-01  1.269758e+02  9.324518e+00 
  574.000  3.095049e-02  9.337797e+02  5.830059e+01  2.347250e-01  1.263738e+02  9.278827e+00 
  575.000  3.019747e-02  9.102426e+02  5.683104e+01  2.288304e-01  1.231694e+02  9.044942e+00 
  576.000  2.965651e-02  8.933507e+02  5.577639e+01  2.245510e-01  1.208751e+02  8.877090e+00 
  577.000  3.092870e-02  9.326135e+02  5.822777e+01  2.339961e-01  1.262582e+02  9.267238e+00 
  578.000  3.006931e-02  9.080856e+02  5.669637e+01  2.273121e-01  1.230295e+02  9.023508e+00 
  579.000  2.986784e-02  9.028992e+02  5.637255e+01  2.256080e-01  1.223907e+02  8.971970e+00 
  580.000  3.091212e-02  9.348582e+02  5.836791e+01  2.333089e-01  1.267553e+02  9.289542e+00 
  581.000  3.038130e-02  9.199545e+02  5.743740e+01  2.291191e-01  1.248057e+02  9.141445e+00 
  582.000  3.085156e-02  9.345479e+02  5.834853e+01  2.324792e-01  1.268166e+02  9.286458e+00 
  583.000  3.107078e-02  9.408733e+02  5.874346e+01  2.339438e-01  1.276716e+02  9.349313e+00 
  584.000  3.097741e-02  9.377214e+02  5.854668e+01  2.330537e-01  1.272420e+02  9.317993e+00 
  585.000  3.077622e-02  9.311315e+02  5.813523e+01  2.313548e-01  1.263368e+02  9.252511e+00 
  586.000  2.945873e-02  8.908414e+02  5.561973e+01  2.212738e-01  1.208630e+02  8.852154e+00 
  587.000  3.056324e-02  9.213092e+02  5.752199e+01  2.293865e-01  1.248598e+02  9.154910e+00 
  588.000  3.004235e-02  8.961722e+02  5.595258e+01  2.252963e-01  1.209894e+02  8.905129e+00 
  589.000  2.634156e-02  7.760560e+02  4.845313e+01  1.973851e-01  1.043105e+02  7.711555e+00 
  590.000  2.748855e-02  8.089431e+02  5.050645e+01  2.058151e-01  1.087007e+02  8.038351e+00 
  591.000  2.943510e-02  8.723801e+02  5.446713e+01  2.202134e-01  1.175434e+02  8.668713e+00 
  592.000  2.876137e-02  8.484893e+02  5.297551e+01  2.150012e-01  1.141489e+02  8.431314e+00 
  593.000  2.931616e-02  8.726118e+02  5.448159e+01  2.189727e-01  1.177931e+02  8.671014e+00 
  594.000  2.953550e-02  8.767265e+02  5.473849e+01  2.204348e-01  1.182452e+02  8.711902e+00 
  595.000  2.880316e-02  8.490816e+02  5.301249e+01  2.147974e-01  1.142439e+02  8.437201e+00 
  596.000  2.977614e-02  8.862387e+02  5.617076e+01  2.218761e-01  1.196780e+02  8.939854e+00 
  597.000  2.982276e-02  8.853618e+02  5.611519e+01  2.220456e-01  1.194652e+02  8.931008e+00 
  598.000  2.932251e-02  8.740184e+02  5.539621e+01  2.181466e-01  1.181272e+02  8.816582e+00 
  599.000  2.938121e-02  8.771807e+02  5.559663e+01  2.184089e-01  1.186440e+02  8.848479e+00 
  600.000  2.948631e-02  8.840201e+02  5.603012e+01  2.190152e-01  1.197775e+02  8.917472e+00 
  601.000  2.939102e-02  8.837010e+02  5.600989e+01  2.181331e-01  1.198839e+02  8.914251e+00 
  602.000  2.909853e-02  8.757197e+02  5.550403e+01  2.157896e-01  1.188627e+02  8.833740e+00 
  603.000  2.930189e-02  8.826024e+02  5.594025e+01  2.171244e-01  1.198553e+02  8.903169e+00 
  604.000  3.025154e-02  9.117003e+02  5.778451e+01  2.239468e-01  1.238512e+02  9.196691e+00 
  605.000  3.018907e-02  9.098508e+02  5.766729e+01  2.232704e-01  1.236199e+02  9.178034e+00 
  606.000  2.984831e-02  8.993276e+02  5.700032e+01  2.205392e-01  1.221945e+02  9.071882e+00 
  607.000  2.968987e-02  8.942895e+02  5.668100e+01  2.191585e-01  1.215136e+02  9.021062e+00 
  608.000  2.958941e-02  8.909503e+02  5.646936e+01  2.182081e-01  1.210604e+02  8.987378e+00 
  609.000  2.929388e-02  8.817253e+02  5.588467e+01  2.158222e-01  1.198067e+02  8.894321e+00 
  610.000  2.883228e-02  8.675058e+02  5.498343e+01  2.122186e-01  1.178740e+02  8.750884e+00 
  611.000  2.930742e-02  8.814598e+02  5.586784e+01  2.155097e-01  1.197688e+02  8.891643e+00 
  612.000  2.893296e-02  8.698566e+02  5.513242e+01  2.125529e-01  1.181907e+02  8.774597e+00 
  613.000  2.851731e-02  8.570129e+02  5.431837e+01  2.092992e-01  1.164436e+02  8.645037e+00 
  614.000  2.749438e-02  8.259314e+02  5.234840e+01  2.015986e-01  1.122183e+02  8.331506e+00 
  615.000  2.881818e-02  8.653420e+02  5.484628e+01  2.111033e-01  1.175705e+02  8.729056e+00 
  616.000  2.740695e-02  8.226188e+02  5.213844e+01  2.005741e-01  1.117632e+02  8.298091e+00 
  617.000  2.756810e-02  8.270901e+02  5.242184e+01  2.015609e-01  1.123671e+02  8.343195e+00 
  618.000  2.887472e-02  8.658863e+02  5.488078e+01  2.109126e-01  1.176333e+02  8.734548e+00 
  619.000  2.861599e-02  8.577003e+02  5.436195e+01  2.088235e-01  1.165153e+02  8.651974e+00 
  620.000  2.904462e-02  8.700962e+02  5.514761e+01  2.117491e-01  1.181925e+02  8.777015e+00 
  621.000  2.954977e-02  8.847428e+02  5.607593e+01  2.152262e-01  1.201739e+02  8.924762e+00 
  622.000  2.799557e-02  8.377179e+02  5.309545e+01  2.037116e-01  1.137774e+02  8.450403e+00 
  623.000  2.821860e-02  8.438473e+02  5.348393e+01  2.051388e-01  1.145985e+02  8.512233e+00 
  624.000  2.825326e-02  8.443508e+02  5.351585e+01  2.051951e-01  1.146558e+02  8.517312e+00 
  625.000  2.749127e-02  8.210414e+02  5.203848e+01  1.994706e-01  1.114790e+02  8.282180e+00 
  626.000  2.762613e-02  8.240623e+02  5.222994e+01  2.002582e-01  1.118520e+02  8.312654e+00 
  627.000  2.802843e-02  8.319941e+02  5.273269e+01  2.029808e-01  1.127339e+02  8.392667e+00 
  628.000  2.758166e-02  8.104521e+02  5.136734e+01  1.995548e-01  1.095150e+02  8.175366e+00 
  629.000  2.829459e-02  8.345185e+02  5.289269e+01  2.045180e-01  1.128676e+02  8.418133e+00 
  630.000  2.742468e-02  8.113018e+02  5.142118e+01  1.980413e-01  1.098737e+02  8.183935e+00 
  631.000  2.845190e-02  8.429170e+02  5.342499e+01  2.052636e-01  1.142140e+02  8.502851e+00 
  632.000  2.643732e-02  7.803471e+02  4.945925e+01  1.905481e-01  1.055820e+02  7.871684e+00 
  633.000  2.845561e-02  8.434110e+02  5.345630e+01  2.048998e-01  1.143018e+02  8.507834e+00 
  634.000  2.762452e-02  8.195855e+02  5.194621e+01  1.987257e-01  1.111208e+02  8.267496e+00 
  635.000  2.812814e-02  8.341236e+02  5.286765e+01  2.021563e-01  1.130787e+02  8.414147e+00 
  636.000  2.715012e-02  8.055249e+02  5.105503e+01  1.949417e-01  1.092330e+02  8.125661e+00 
  637.000  2.805754e-02  8.325681e+02  5.276906e+01  2.012656e-01  1.129170e+02  8.398457e+00 
  638.000  2.853101e-02  8.482062e+02  5.376022e+01  2.044672e-01  1.151349e+02  8.556204e+00 
  639.000  2.829950e-02  8.410563e+02  5.330704e+01  2.026154e-01  1.141613e+02  8.484079e+00 
  640.000  2.743069e-02  8.158560e+02  5.170983e+01  1.962083e-01  1.107856e+02  8.229874e+00 
  641.000  2.782871e-02  8.273407e+02  5.243774e+01  1.988658e-01  1.123371e+02  8.345724e+00 
  642.000  2.750961e-02  8.182055e+02  5.185874e+01  1.963988e-01  1.111275e+02  8.253575e+00 
  643.000  2.797012e-02  8.302195e+02  5.262021e+01  1.994969e-01  1.126803e+02  8.374766e+00 
  644.000  2.765281e-02  8.204809e+02  5.200296e+01  1.970463e-01  1.113533e+02  8.276528e+00 
  645.000  2.785870e-02  8.244828e+02  5.225661e+01  1.983249e-01  1.117981e+02  8.316897e+00 
  646.000  2.664182e-02  7.815317e+02  4.953434e+01  1.894818e-01  1.056287e+02  7.883634e+00 
  647.000  2.689681e-02  7.846786e+02  4.973380e+01  1.911139e-01  1.058484e+02  7.915381e+00 
  648.000  2.672487e-02  7.754250e+02  4.914730e+01  1.897116e-01  1.044032e+02  7.822036e+00 
  649.000  2.736812e-02  7.971997e+02  5.052740e+01  1.940936e-01  1.074988e+02  8.041686e+00 
  650.000  2.555908e-02  7.514313e+02  4.762654e+01  1.810919e-01  1.016875e+02  7.579998e+00 
  651.000  2.753436e-02  8.091515e+02  5.128490e+01  1.949022e-01  1.094926e+02  8.162247e+00 
  652.000  2.682342e-02  7.812290e+02  4.951516e+01  1.896897e-01  1.053747e+02  7.880583e+00 
  653.000  2.758048e-02  8.109707e+02  5.140022e+01  1.948586e-01  1.097869e+02  8.180598e+00 
  654.000  2.719923e-02  7.984791e+02  5.060848e+01  1.919829e-01  1.080422e+02  8.054590e+00 
  655.000  2.640976e-02  7.720870e+02  4.893573e+01  1.862334e-01  1.043198e+02  7.788363e+00 
  656.000  2.244629e-02  6.567908e+02  4.162812e+01  1.581343e-01  8.878004e+01  6.625321e+00 
  657.000  2.399598e-02  7.032946e+02  4.457558e+01  1.688917e-01  9.513557e+01  7.094425e+00 
  658.000  2.680064e-02  7.881092e+02  4.995122e+01  1.884531e-01  1.067548e+02  7.949984e+00 
  659.000  2.690790e-02  7.927481e+02  5.024524e+01  1.890281e-01  1.074726e+02  7.996778e+00 
  660.000  2.713914e-02  8.000461e+02  5.070779e+01  1.904720e-01  1.084994e+02  8.070395e+00 
  661.000  2.731308e-02  8.072896e+02  5.116689e+01  1.915111e-01  1.096051e+02  8.143463e+00 
  662.000  2.773058e-02  8.204741e+02  5.200253e+01  1.942544e-01  1.114531e+02  8.276460e+00 
  663.000  2.742087e-02  8.107262e+02  5.138470e+01  1.919030e-01  1.101096e+02  8.178128e+00 
  664.000  2.699583e-02  7.982770e+02  5.059566e+01  1.887496e-01  1.084369e+02  8.052549e+00 
  665.000  2.712308e-02  8.021188e+02  5.083916e+01  1.895718e-01  1.089719e+02  8.091303e+00 
  666.000  2.746131e-02  8.123380e+02  5.148686e+01  1.918677e-01  1.103805e+02  8.194387e+00 
  667.000  2.692490e-02  7.965546e+02  5.048649e+01  1.880531e-01  1.082481e+02  8.035175e+00 
  668.000  2.708797e-02  8.015627e+02  5.080391e+01  1.891250e-01  1.089470e+02  8.085694e+00 
  669.000  2.748371e-02  8.132231e+02  5.154296e+01  1.918199e-01  1.105376e+02  8.203317e+00 
  670.000  2.716030e-02  8.035389e+02  5.092917e+01  1.894955e-01  1.092233e+02  8.105629e+00 
  671.000  2.687855e-02  7.951207e+02  5.039561e+01  1.874634e-01  1.080827e+02  8.020710e+00 
  672.000  2.679614e-02  7.925439e+02  5.023228e+01  1.868223e-01  1.077330e+02  7.994717e+00 
  673.000  2.699304e-02  7.982216e+02  5.059214e+01  1.881284e-01  1.085050e+02  8.051991e+00 
  674.000  2.705033e-02  7.997672e+02  5.069011e+01  1.884604e-01  1.087151e+02  8.067580e+00 
  675.000  2.664186e-02  7.875488e+02  4.991570e+01  1.855489e-01  1.070544e+02  7.944330e+00 
  676.000  2.714936e-02  8.023953e+02  5.085668e+01  1.890163e-01  1.090722e+02  8.094092e+00 
  677.000  2.661389e-02  7.864207e+02  4.984420e+01  1.852227e-01  1.069005e+02  7.932951e+00 
  678.000  2.705866e-02  7.994162e+02  5.066786e+01  1.882514e-01  1.086670e+02  8.064041e+00 
  679.000  2.667939e-02  7.879944e+02  4.994394e+01  1.855470e-01  1.071105e+02  7.948825e+00 
  680.000  2.647180e-02  7.813356e+02  4.952189e+01  1.840381e-01  1.061848e+02  7.881654e+00 
  681.000  2.649686e-02  7.814494e+02  4.952911e+01  1.841470e-01  1.061751e+02  7.882803e+00 
  682.000  2.644076e-02  7.794896e+02  4.940490e+01  1.836920e-01  1.058996e+02  7.863033e+00 
  683.000  2.661560e-02  7.841808e+02  4.970223e+01  1.848412e-01  1.065198e+02  7.910356e+00 
  684.000  2.612446e-02  7.687673e+02  4.872531e+01  1.813658e-01  1.043830e+02  7.754874e+00 
  685.000  2.643116e-02  7.780994e+02  4.931679e+01  1.834300e-01  1.056737e+02  7.849011e+00 
  686.000  2.525848e-02  7.420718e+02  4.703332e+01  1.752296e-01  1.007218e+02  7.485586e+00 
  687.000  2.297346e-02  6.522537e+02  4.134060e+01  1.593209e-01  8.767290e+01  6.579561e+00 
  688.000  2.373792e-02  6.797226e+02  4.308160e+01  1.645641e-01  9.159963e+01  6.856650e+00 
  689.000  2.357234e-02  6.727083e+02  4.263704e+01  1.633583e-01  9.056315e+01  6.785895e+00 
  690.000  2.407688e-02  7.849941e+02  2.316885e+02  1.667958e-01  1.100176e+02  3.687437e+01 
  691.000  2.462771e-02  8.084359e+02  2.386072e+02  1.705513e-01  1.134853e+02  3.797552e+01 
  692.000  2.465715e-02  8.102758e+02  2.391502e+02  1.706948e-01  1.137091e+02  3.806194e+01 
  693.000  2.436887e-02  7.901782e+02  2.332186e+02  1.686390e-01  1.103530e+02  3.711789e+01 
  694.000  2.415738e-02  7.749268e+02  2.287173e+02  1.671163e-01  1.078239e+02  3.640149e+01 
  695.000  2.401568e-02  7.742468e+02  2.285165e+02  1.660773e-01  1.079004e+02  3.636954e+01 
  696.000  2.446555e-02  7.914226e+02  2.335859e+02  1.691283e-01  1.104188e+02  3.717635e+01 
  697.000  2.530989e-02  8.365986e+02  2.469193e+02  1.749033e-01  1.175548e+02  3.929842e+01 
  698.000  2.466804e-02  8.106058e+02  2.392476e+02  1.704075e-01  1.136852e+02  3.807744e+01 
  699.000  2.439272e-02  7.864808e+02  2.321274e+02  1.684459e-01  1.096314e+02  3.694422e+01 
  700.000  2.422378e-02  7.827551e+02  2.310277e+02  1.672202e-01  1.091928e+02  3.676921e+01 
  701.000  2.352022e-02  7.570743e+02  2.234481e+02  1.623059e-01  1.054849e+02  3.556287e+01 
  702.000  2.351824e-02  7.587120e+02  2.239315e+02  1.622345e-01  1.057955e+02  3.563980e+01 
  703.000  2.444161e-02  8.003953e+02  2.362341e+02  1.685446e-01  1.121553e+02  3.759782e+01 
  704.000  2.453596e-02  8.038077e+02  2.372412e+02  1.691353e-01  1.126560e+02  3.775811e+01 
  705.000  2.447421e-02  7.960746e+02  2.349589e+02  1.686499e-01  1.113205e+02  3.739487e+01 
  706.000  2.426107e-02  7.899066e+02  2.331384e+02  1.671221e-01  1.104993e+02  3.710513e+01 
  707.000  2.398037e-02  7.823916e+02  2.309204e+02  1.651300e-01  1.095284e+02  3.675212e+01 
  708.000  2.477112e-02  8.101164e+02  2.391032e+02  1.705149e-01  1.135047e+02  3.805446e+01 
  709.000  2.407770e-02  7.918255e+02  2.337047e+02  1.656832e-01  1.111522e+02  3.719526e+01 
  710.000  2.442671e-02  7.980270e+02  2.355351e+02  1.680252e-01  1.117857e+02  3.748658e+01 
  711.000  2.438585e-02  8.014808e+02  2.365544e+02  1.676846e-01  1.124976e+02  3.764881e+01 
  712.000  2.421895e-02  8.004417e+02  2.362477e+02  1.664781e-01  1.125681e+02  3.759999e+01 
  713.000  2.397371e-02  7.881973e+02  2.326338e+02  1.647340e-01  1.106558e+02  3.702482e+01 
  714.000  2.432926e-02  7.982827e+02  2.356105e+02  1.671181e-01  1.120001e+02  3.749858e+01 
  715.000  2.324820e-02  7.571007e+02  2.234559e+02  1.596358e-01  1.059602e+02  3.556410e+01 
  716.000  2.360661e-02  7.631334e+02  2.252364e+02  1.620395e-01  1.065425e+02  3.584749e+01 
  717.000  2.142522e-02  6.716091e+02  1.982235e+02  1.470142e-01  9.276847e+01  3.154825e+01 
  718.000  2.034701e-02  6.268739e+02  1.850202e+02  1.395665e-01  8.590720e+01  2.944687e+01 
  719.000  1.976770e-02  6.045453e+02  1.784300e+02  1.355449e-01  8.254536e+01  2.839801e+01 
  720.000  1.939499e-02  5.867911e+02  1.731899e+02  1.330688e-01  7.967031e+01  2.756403e+01 
  721.000  2.162093e-02  6.815066e+02  2.011447e+02  1.484298e-01  9.434168e+01  3.201317e+01 
  722.000  2.274713e-02  7.280362e+02  2.148777e+02  1.562549e-01  1.013049e+02  3.419884e+01 
  723.000  2.222737e-02  7.048925e+02  2.080469e+02  1.527761e-01  9.779187e+01  3.311170e+01 
  724.000  2.103494e-02  6.526826e+02  1.926375e+02  1.446667e-01  8.976654e+01  3.065920e+01 
  725.000  2.099255e-02  6.531105e+02  1.927637e+02  1.444617e-01  8.993805e+01  3.067931e+01 
  726.000  2.089130e-02  6.493467e+02  1.916529e+02  1.438510e-01  8.938234e+01  3.050251e+01 
  727.000  2.138457e-02  6.666658e+02  1.967646e+02  1.473360e-01  9.189044e+01  3.131605e+01 
  728.000  2.081542e-02  6.468890e+02  1.909275e+02  1.435006e-01  8.903934e+01  3.038705e+01 
  729.000  2.046349e-02  6.411040e+02  1.892200e+02  1.411589e-01  8.855458e+01  3.011530e+01 
  730.000  2.113158e-02  6.613329e+02  1.951905e+02  1.458548e-01  9.131175e+01  3.106554e+01 
  731.000  2.067898e-02  6.463327e+02  1.907633e+02  1.428166e-01  8.919385e+01  3.036092e+01 
  732.000  2.190442e-02  6.941346e+02  2.048718e+02  1.513707e-01  9.630243e+01  3.260636e+01 
  733.000  2.236184e-02  7.202980e+02  2.125937e+02  1.546243e-01  1.004768e+02  3.383534e+01 
  734.000  2.321001e-02  7.550589e+02  2.228532e+02  1.605854e-01  1.056713e+02  3.546819e+01 
  735.000  2.288682e-02  7.418019e+02  2.189405e+02  1.584442e-01  1.036956e+02  3.484546e+01 
  736.000  2.221318e-02  7.154983e+02  2.111771e+02  1.538732e-01  9.982111e+01  3.360988e+01 
  737.000  2.269267e-02  7.342324e+02  2.167064e+02  1.572889e-01  1.025851e+02  3.448989e+01 
  738.000  2.288739e-02  7.456198e+02  2.200673e+02  1.587337e-01  1.044103e+02  3.502480e+01 
  739.000  2.225234e-02  7.272326e+02  2.146404e+02  1.544220e-01  1.019443e+02  3.416107e+01 
  740.000  2.270075e-02  7.477144e+02  2.206854e+02  1.576282e-01  1.050936e+02  3.512317e+01 
  741.000  2.265567e-02  7.499113e+02  2.213338e+02  1.574099e-01  1.055825e+02  3.522637e+01 
  742.000  2.233766e-02  7.409213e+02  2.186804e+02  1.552936e-01  1.043937e+02  3.480407e+01 
  743.000  2.312057e-02  7.707274e+02  2.274776e+02  1.608330e-01  1.087847e+02  3.620418e+01 
  744.000  2.339440e-02  7.814791e+02  2.306509e+02  1.628354e-01  1.103831e+02  3.670922e+01 
  745.000  2.282733e-02  7.639380e+02  2.254737e+02  1.589840e-01  1.079781e+02  3.588525e+01 
  746.000  2.317763e-02  7.767313e+02  2.292496e+02  1.615207e-01  1.098422e+02  3.648620e+01 
  747.000  2.354501e-02  7.891202e+02  2.329061e+02  1.641793e-01  1.115993e+02  3.706816e+01 
  748.000  2.313669e-02  7.762837e+02  2.291174e+02  1.614290e-01  1.098286e+02  3.646517e+01 
  749.000  2.315322e-02  7.771411e+02  2.293705e+02  1.616415e-01  1.099656e+02  3.650545e+01 
  750.000  2.280450e-02  7.649002e+02  2.257577e+02  1.593028e-01  1.082077e+02  3.593044e+01 
  751.000  2.274879e-02  7.629987e+02  2.251964e+02  1.590091e-01  1.079379e+02  3.584112e+01 
  752.000  2.311844e-02  7.761228e+02  2.290699e+02  1.616900e-01  1.098320e+02  3.645761e+01 
  753.000  2.290748e-02  7.692041e+02  2.270279e+02  1.603107e-01  1.088621e+02  3.613262e+01 
  754.000  2.327158e-02  7.815121e+02  2.306606e+02  1.629567e-01  1.106090e+02  3.671077e+01 
  755.000  2.314094e-02  7.770951e+02  2.293569e+02  1.621396e-01  1.099832e+02  3.650328e+01 
  756.000  2.269098e-02  7.619677e+02  2.248921e+02  1.590824e-01  1.078421e+02  3.579269e+01 
  757.000  2.285910e-02  7.675627e+02  2.265435e+02  1.603573e-01  1.086325e+02  3.605552e+01 
  758.000  2.281198e-02  7.653070e+02  2.258777e+02  1.601231e-01  1.082870e+02  3.594955e+01 
  759.000  2.090905e-02  6.821613e+02  2.013377e+02  1.468542e-01  9.577485e+01  3.204389e+01 
  760.000  9.601228e-03  2.547696e+02  7.519495e+01  6.747464e-02  3.362611e+01  1.196765e+01 
  761.000  8.529380e-03  2.208027e+02  6.516972e+01  5.997805e-02  2.887266e+01  1.037208e+01 
  762.000  1.474304e-02  4.372684e+02  1.290588e+02  1.037345e-01  5.954320e+01  2.054034e+01 
  763.000  1.311870e-02  3.705826e+02  1.093768e+02  9.236085e-02  4.986435e+01  1.740786e+01 
  764.000  1.416595e-02  4.089802e+02  1.207097e+02  9.979409e-02  5.532059e+01  1.921154e+01 
  765.000  1.650625e-02  5.060742e+02  1.493665e+02  1.163507e-01  6.961205e+01  2.377241e+01 
  766.000  1.823745e-02  5.818367e+02  1.717273e+02  1.286311e-01  8.118440e+01  2.733126e+01 
  767.000  1.973750e-02  6.395613e+02  1.887645e+02  1.389064e-01  8.963504e+01  3.004280e+01 
  768.000  2.133145e-02  7.005443e+02  2.067633e+02  1.497956e-01  9.855566e+01  3.290741e+01 
  769.000  2.177582e-02  7.227195e+02  2.133082e+02  1.525816e-01  1.019851e+02  3.394906e+01 
  770.000  2.191002e-02  7.309916e+02  2.157497e+02  1.531863e-01  1.033135e+02  3.433762e+01 
  771.000  2.204825e-02  7.377490e+02  2.177441e+02  1.538160e-01  1.043635e+02  3.465505e+01 
  772.000  2.198992e-02  7.361325e+02  2.172670e+02  1.530738e-01  1.041581e+02  3.457911e+01 
  773.000  2.191219e-02  7.335306e+02  2.164990e+02  1.521996e-01  1.037996e+02  3.445689e+01 
  774.000  2.215633e-02  7.417070e+02  2.189123e+02  1.535595e-01  1.049659e+02  3.484097e+01 
  775.000  2.132974e-02  7.139674e+02  2.107250e+02  1.475078e-01  1.010471e+02  3.353793e+01 
  776.000  2.221295e-02  7.434193e+02  2.194177e+02  1.532806e-01  1.052213e+02  3.492141e+01 
  777.000  2.206013e-02  7.380304e+02  2.178271e+02  1.518943e-01  1.044566e+02  3.466827e+01 
  778.000  2.194169e-02  7.337115e+02  2.165524e+02  1.507495e-01  1.038394e+02  3.446539e+01 
  779.000  2.201310e-02  7.357483e+02  2.171536e+02  1.509107e-01  1.041220e+02  3.456106e+01 
  780.000  2.174080e-02  7.263032e+02  2.143659e+02  1.487195e-01  1.027800e+02  3.411739e+01 
  781.000  2.171237e-02  7.254382e+02  2.141106e+02  1.482017e-01  1.026737e+02  3.407676e+01 
  782.000  2.197391e-02  7.338177e+02  2.165838e+02  1.496606e-01  1.038537e+02  3.447038e+01 
  783.000  2.146049e-02  7.163367e+02  2.114243e+02  1.458459e-01  1.013745e+02  3.364923e+01 
  784.000  2.157516e-02  7.195543e+02  2.123740e+02  1.463062e-01  1.018116e+02  3.380037e+01 
  785.000  2.159515e-02  7.182168e+02  2.119792e+02  1.461236e-01  1.015324e+02  3.373755e+01 
  786.000  2.116416e-02  7.011643e+02  2.069463e+02  1.428963e-01  9.899869e+01  3.293653e+01 
  787.000  2.134269e-02  7.016904e+02  2.071016e+02  1.437888e-01  9.882114e+01  3.296124e+01 
  788.000  2.095228e-02  6.861268e+02  2.025081e+02  1.408522e-01  9.650838e+01  3.223016e+01 
  789.000  2.081905e-02  6.738034e+02  1.988710e+02  1.396530e-01  9.441369e+01  3.165130e+01 
  790.000  2.058575e-02  6.653856e+02  1.963864e+02  1.377886e-01  9.320385e+01  3.125587e+01 
  791.000  2.052801e-02  6.645655e+02  1.961444e+02  1.371044e-01  9.314696e+01  3.121735e+01 
  792.000  2.024736e-02  6.564654e+02  1.937537e+02  1.349369e-01  9.206765e+01  3.083686e+01 
  793.000  2.033013e-02  6.619282e+02  1.953660e+02  1.351949e-01  9.297456e+01  3.109346e+01 
  794.000  2.033366e-02  6.689554e+02  1.974400e+02  1.349256e-01  9.430486e+01  3.142355e+01 
  795.000  2.009405e-02  6.563533e+02  1.937205e+02  1.330471e-01  9.231199e+01  3.083158e+01 
  796.000  2.008231e-02  6.457562e+02  1.905929e+02  1.326818e-01  9.036127e+01  3.033381e+01 
  797.000  2.031084e-02  6.554822e+02  1.934635e+02  1.339016e-01  9.184010e+01  3.079067e+01 
  798.000  2.054715e-02  6.694297e+02  1.975800e+02  1.351666e-01  9.410016e+01  3.144584e+01 
  799.000  2.047958e-02  6.653937e+02  1.963888e+02  1.344312e-01  9.345684e+01  3.125625e+01 
  800.000  1.978735e-02  6.381349e+02  1.883435e+02  1.296068e-01  8.941769e+01  2.997580e+01 
